0          References for Cross Section of C2H6      total   
Cross section:                                                                  
Lambda = 0.61-250. A                                                            
   Synthesized from atomic cross sections of 2*C + 6*H                          
   Barfield, W. D., Koontz, G. D., Huebner W. F. (1972)                         
   J. Quant. Spectr. Rad. Trans. 12, 1409                                       
Lambda = 354.-1127. A                                                           
   Koch, E. E., Skibowski, M. (1971)                                            
   Chem. Phys. Lett. 9, 429                                                     
Lambda = 1160.-1200. A                                                          
   Lombos, B. A., Sauvageau, P., Sandorfy, C. (1967)                            
   J. Mol. Spectr. 24, 253                                                      
Lambda = 1200.-1380. A                                                          
   Okabe, H., Becker, D. A. (1963)                                              
   J. Chem. Phys. 39, 2549                                                      
Lambda = 1380.-1600. A                                                          
   Mount, G. H., Moos, H. W. (1978)                                             
   Astrophys. J. 224, l35                                                       
                                                                                
0          References for Cross Section of C2H6      CH3/CH3 
Branching ratios:                                                               
Lambda = 1055., 1236., 1470. A                                                  
   Lias, S. G., Collin, G. J., Rebbert, R. E., Ausloos, P. (1970)               
   J. Chem. Phys. 52, 1841                                                      
                                                                                
0          References for Cross Section of C2H6      C2H5/H  
                                                                                
0          References for Cross Section of C2H6      1CH2/CH4
                                                                                
0          References for Cross Section of C2H6      C2H6+   
                                                                                
0 Branching ratio for C2H6     total        5 branches
 Lambda  Total   CH3/CH3  C2H5/H   1CH2/CH4 C2H6+    C2H4/H2 
    0.6 7.90E-24 9.37E-30 3.07E-29 1.20E-29 7.90E-24 4.31E-27
    1.2 8.00E-23 6.07E-27 1.99E-26 7.77E-27 7.99E-23 5.60E-26
    2.4 6.70E-22 1.46E-25 4.79E-25 1.87E-25 6.69E-22 6.67E-25
    6.2 1.10E-20 7.24E-24 2.37E-23 9.26E-24 1.09E-20 2.10E-23
   12.6 9.00E-20 1.28E-22 4.19E-22 1.63E-22 8.90E-20 3.14E-22
   24.6 5.70E-19 1.62E-21 5.32E-21 2.08E-21 5.57E-19 3.68E-21
   40.8 2.20E-18 1.05E-20 3.44E-20 1.34E-20 2.12E-18 2.29E-20
   42.5 9.00E-20 4.47E-22 1.47E-21 5.73E-22 8.65E-20 9.77E-22
   62.1 3.10E-19 2.26E-21 7.41E-21 2.89E-21 2.93E-19 4.86E-21
  121.7 1.10E-18 1.58E-20 5.18E-20 2.02E-20 9.79E-19 3.34E-20
  248.6 4.80E-18 1.41E-19 4.63E-19 1.81E-19 3.72E-18 2.96E-19
  354.0 1.00E-17 4.19E-19 1.37E-18 5.36E-19 6.80E-18 8.75E-19
  365.0 1.10E-17 4.75E-19 1.56E-18 6.08E-19 7.37E-18 9.92E-19
  376.0 1.20E-17 5.34E-19 1.75E-18 6.84E-19 7.92E-18 1.12E-18
  387.0 1.30E-17 5.96E-19 1.95E-18 7.62E-19 8.45E-18 1.24E-18
  400.0 1.40E-17 6.63E-19 2.17E-18 8.48E-19 8.93E-18 1.38E-18
  413.0 1.50E-17 7.33E-19 2.41E-18 9.39E-19 9.39E-18 1.53E-18
  428.0 1.80E-17 9.12E-19 2.99E-18 1.17E-18 1.10E-17 1.90E-18
  442.0 2.00E-17 1.05E-18 3.43E-18 1.34E-18 1.20E-17 2.18E-18
  459.0 2.50E-17 1.36E-18 4.46E-18 1.74E-18 1.46E-17 2.83E-18
  477.0 3.00E-17 1.69E-18 5.56E-18 2.17E-18 1.70E-17 3.53E-18
  496.0 3.50E-17 2.06E-18 6.74E-18 2.63E-18 1.93E-17 4.29E-18
  517.0 3.80E-17 2.33E-18 7.63E-18 2.98E-18 2.02E-17 4.85E-18
  539.0 4.20E-17 2.68E-18 8.79E-18 3.43E-18 2.15E-17 5.59E-18
  564.0 4.70E-17 3.14E-18 1.03E-17 4.02E-18 2.30E-17 6.54E-18
  590.0 5.20E-17 3.63E-18 1.19E-17 4.65E-18 2.42E-17 7.57E-18
  620.0 5.50E-17 4.04E-18 1.32E-17 5.17E-18 2.41E-17 8.41E-18
  653.0 6.20E-17 4.80E-18 1.57E-17 6.14E-18 2.54E-17 9.99E-18
  689.0 6.70E-17 5.47E-18 1.79E-17 7.00E-18 2.52E-17 1.14E-17
  729.0 7.20E-17 6.22E-18 2.04E-17 7.96E-18 2.45E-17 1.29E-17
  775.0 7.60E-17 6.98E-18 2.29E-17 8.93E-18 2.27E-17 1.45E-17
  827.0 7.50E-17 7.35E-18 2.41E-17 9.41E-18 1.89E-17 1.53E-17
  886.0 7.40E-17 7.77E-18 2.55E-17 9.94E-18 1.47E-17 1.62E-17
  954.0 6.50E-17 7.35E-18 2.41E-17 9.40E-18 8.87E-18 1.53E-17
 1033.0 5.30E-17 6.49E-18 2.13E-17 8.30E-18 3.44E-18 1.35E-17
 1064.0 5.00E-17 6.14E-18 2.03E-17 8.25E-18 0.00E+00 1.54E-17
 1127.0 4.20E-17 4.50E-18 1.55E-17 8.39E-18 0.00E+00 1.36E-17
 1160.0 3.34E-17 3.30E-18 1.18E-17 7.28E-18 0.00E+00 1.11E-17
 1180.0 3.06E-17 2.87E-18 1.04E-17 7.01E-18 0.00E+00 1.03E-17
 1200.0 2.44E-17 2.17E-18 8.05E-18 5.86E-18 0.00E+00 8.32E-18
 1220.0 2.23E-17 1.87E-18 7.11E-18 5.60E-18 0.00E+00 7.72E-18
 1240.0 2.27E-17 1.79E-18 6.97E-18 5.81E-18 0.00E+00 8.14E-18
 1260.0 2.35E-17 1.71E-18 6.85E-18 5.53E-18 0.00E+00 9.41E-18
 1280.0 2.44E-17 1.63E-18 6.74E-18 5.24E-18 0.00E+00 1.08E-17
 1300.0 2.23E-17 1.36E-18 5.82E-18 4.33E-18 0.00E+00 1.08E-17
 1320.0 1.83E-17 1.00E-18 4.49E-18 3.18E-18 0.00E+00 9.62E-18
 1340.0 1.42E-17 6.94E-19 3.27E-18 2.18E-18 0.00E+00 8.06E-18
 1360.0 1.08E-17 4.63E-19 2.32E-18 1.43E-18 0.00E+00 6.58E-18
 1380.0 9.60E-18 3.54E-19 1.91E-18 1.08E-18 0.00E+00 6.25E-18
 1396.0 6.30E-18 2.02E-19 1.18E-18 6.04E-19 0.00E+00 4.32E-18
 1400.0 8.00E-18 2.48E-19 1.47E-18 7.34E-19 0.00E+00 5.55E-18
 1409.0 6.00E-18 1.69E-19 1.06E-18 4.95E-19 0.00E+00 4.27E-18
 1417.0 3.50E-18 9.05E-20 5.98E-19 2.60E-19 0.00E+00 2.55E-18
 1420.0 6.70E-18 1.67E-19 1.13E-18 4.78E-19 0.00E+00 4.93E-18
 1427.0 3.20E-18 7.32E-20 5.22E-19 2.05E-19 0.00E+00 2.40E-18
 1440.0 2.70E-18 5.12E-20 4.13E-19 1.37E-19 0.00E+00 2.10E-18
 1450.0 2.40E-18 3.84E-20 3.49E-19 9.72E-20 0.00E+00 1.92E-18
 1460.0 2.00E-18 2.60E-20 2.75E-19 6.05E-20 0.00E+00 1.64E-18
 1470.0 1.80E-18 1.80E-20 2.34E-19 3.60E-20 0.00E+00 1.51E-18
 1480.0 1.50E-18 1.49E-20 1.94E-19 2.98E-20 0.00E+00 1.26E-18
 1490.0 1.20E-18 1.19E-20 1.54E-19 2.36E-20 0.00E+00 1.01E-18
 1500.0 9.20E-19 9.04E-21 1.17E-19 1.80E-20 0.00E+00 7.76E-19
 1510.0 6.50E-19 6.35E-21 8.21E-20 1.26E-20 0.00E+00 5.49E-19
 1520.0 4.30E-19 4.18E-21 5.39E-20 8.26E-21 0.00E+00 3.64E-19
 1530.0 2.60E-19 2.51E-21 3.24E-20 4.95E-21 0.00E+00 2.20E-19
 1540.0 1.20E-19 1.15E-21 1.48E-20 2.27E-21 0.00E+00 1.02E-19
 1550.0 7.00E-20 6.68E-22 8.59E-21 1.31E-21 0.00E+00 5.94E-20
 1560.0 2.80E-20 2.66E-22 3.41E-21 5.20E-22 0.00E+00 2.38E-20
 1570.0 1.20E-20 1.13E-22 1.45E-21 2.21E-22 0.00E+00 1.02E-20
 1580.0 4.80E-21 4.50E-23 5.76E-22 8.76E-23 0.00E+00 4.09E-21
 1590.0 2.10E-21 1.96E-23 2.50E-22 3.80E-23 0.00E+00 1.79E-21
 1600.0 1.10E-21 1.02E-23 1.30E-22 1.97E-23 0.00E+00 9.40E-22
 2726.0 1.00E-30 2.82E-33 1.58E-32 0.00E+00 0.00E+00 9.81E-31
 2900.0 1.00E-30 1.83E-33 0.00E+00 0.00E+00 0.00E+00 9.98E-31
 3220.0 1.00E-30 0.00E+00 0.00E+00 0.00E+00 0.00E+00 1.00E-30
 7150.0 1.00E-35 0.00E+00 0.00E+00 0.00E+00 0.00E+00 1.00E-35
