0          References for Cross Section of CH        Total   
Cross section:                                                                  
Lambda = 12.-617. A                                                             
   Walker, T. E. H., Kelly, H. P. (1972)                                        
   Chem. Phys. Lett. 16, 511                                                    
Lambda = 827.-1170. A                                                           
   Barsuhn, J., Nesbet, R. K. (1978)                                            
   J. Chem. Phys. 68, 2783                                                      
Lambda = 1000. A                                                                
   Supplemented for predissociation line from Vandishoeck (1987)                
   J. Chem. Phys. 86, 196                                                       
Lambda = 1200.-3589.9 A                                                         
   Vandishoeck (1987)                                                           
   J. Chem. Phys. 86, 196                                                       
                                                                                
0          References for Cross Section of CH        CH+     
                                                                                
0          References for Cross Section of CH        C1S/H   
                                                                                
0          References for Cross Section of CH        C1D/H   
Branching ratio:                                                                
Lambda = 911.-1170. A                                                           
   Barsuhn, J., Nesbet, R. K. (1978)                                            
   J. Chem. Phys. 68, 2783                                                      
Thresholds:                                                                     
Lambda = 1240. A                                                                
   Bates, D. R., Spitzer, L. (1951)                                             
   Astrophys. J. 113, 441                                                       
   (dissociation continuum)                                                     
Lambda = 1170. A                                                                
   Barsuhn, J., Nesbet, R. K. (1978)                                            
   J. Chem. Phys. 68, 2783                                                      
   (ionization limit)                                                           
Lambda = 3589.9 A                                                               
   Herzberg, G., Johns, J. W. C. (1969)                                         
   Astrophys. J. 158, 399                                                       
   (predissociation limit)                                                      
                                                                                
0 Branching ratio for CH       Total        4 branches
 Lambda  Total   CH+      C1S/H    C1D/H    C/H     
    0.1 1.00E-23 1.00E-23 0.00E+00 0.00E+00 0.00E+00
   12.0 4.00E-20 4.00E-20 0.00E+00 0.00E+00 0.00E+00
   31.0 5.00E-19 5.00E-19 0.00E+00 0.00E+00 0.00E+00
   42.0 1.30E-18 1.30E-18 0.00E+00 0.00E+00 0.00E+00
   43.0 5.00E-20 5.00E-20 0.00E+00 0.00E+00 0.00E+00
  124.0 4.90E-19 4.90E-19 0.00E+00 0.00E+00 0.00E+00
  345.0 5.00E-18 5.00E-18 0.00E+00 0.00E+00 0.00E+00
  538.0 1.40E-17 1.40E-17 0.00E+00 0.00E+00 0.00E+00
  539.0 1.30E-17 1.30E-17 0.00E+00 0.00E+00 0.00E+00
  616.0 1.75E-17 1.75E-17 0.00E+00 0.00E+00 0.00E+00
  617.0 1.55E-17 1.55E-17 0.00E+00 0.00E+00 0.00E+00
  800.0 2.00E-17 2.00E-17 0.00E+00 0.00E+00 0.00E+00
  827.0 2.18E-17 2.07E-17 0.00E+00 1.07E-18 0.00E+00
  910.0 2.59E-17 2.07E-17 0.00E+00 5.18E-18 0.00E+00
  911.0 4.58E-17 1.98E-17 0.00E+00 2.60E-17 0.00E+00
  942.0 4.83E-17 2.09E-17 0.00E+00 2.74E-17 1.55E-22
  943.0 4.54E-17 2.09E-17 0.00E+00 2.45E-17 0.00E+00
  984.0 4.91E-17 2.21E-17 0.00E+00 2.70E-17 0.00E+00
  985.0 4.71E-17 2.21E-17 0.00E+00 2.50E-17 0.00E+00
  999.0 4.90E-17 2.30E-17 0.00E+00 2.60E-17 0.00E+00
 1000.0 2.69E-16 4.90E-17 0.00E+00 2.20E-16 0.00E+00
 1001.0 4.90E-17 2.29E-17 0.00E+00 2.61E-17 0.00E+00
 1052.0 5.09E-17 2.38E-17 0.00E+00 2.71E-17 0.00E+00
 1053.0 3.62E-17 9.09E-18 0.00E+00 2.71E-17 0.00E+00
 1170.0 4.11E-17 9.91E-18 0.00E+00 3.12E-17 0.00E+00
 1171.0 1.00E-19 0.00E+00 0.00E+00 1.00E-19 0.00E+00
 1199.0 1.00E-19 0.00E+00 0.00E+00 1.00E-19 0.00E+00
 1200.0 2.20E-16 0.00E+00 0.00E+00 2.20E-16 0.00E+00
 1201.0 1.00E-19 0.00E+00 0.00E+00 1.00E-19 0.00E+00
 1240.0 1.00E-19 0.00E+00 0.00E+00 1.00E-19 0.00E+00
 1300.0 1.00E-20 0.00E+00 0.00E+00 1.00E-20 0.00E+00
 1319.0 1.00E-20 0.00E+00 0.00E+00 1.00E-20 0.00E+00
 1320.0 7.10E-18 0.00E+00 0.00E+00 7.10E-18 0.00E+00
 1321.0 1.00E-20 0.00E+00 0.00E+00 1.00E-20 0.00E+00
 1369.0 1.00E-20 0.00E+00 0.00E+00 1.00E-20 0.00E+00
 1370.0 3.83E-16 0.00E+00 0.00E+00 3.83E-16 0.00E+00
 1371.0 1.00E-20 0.00E+00 0.00E+00 1.00E-20 0.00E+00
 1439.0 1.00E-20 0.00E+00 0.00E+00 1.00E-20 0.00E+00
 1440.0 4.60E-17 0.00E+00 0.00E+00 4.60E-17 0.00E+00
 1441.0 1.00E-20 0.00E+00 0.00E+00 1.00E-20 0.00E+00
 1445.0 1.00E-20 0.00E+00 0.00E+00 1.00E-20 0.00E+00
 1446.0 1.00E-19 0.00E+00 0.00E+00 1.00E-19 0.00E+00
 1448.0 2.50E-18 0.00E+00 0.00E+00 2.50E-18 0.00E+00
 1449.0 1.00E-19 0.00E+00 0.00E+00 1.00E-19 0.00E+00
 1459.0 1.00E-19 0.00E+00 0.00E+00 1.00E-19 0.00E+00
 1485.0 1.50E-18 0.00E+00 0.00E+00 1.50E-18 0.00E+00
 1486.0 2.00E-18 0.00E+00 0.00E+00 2.00E-18 0.00E+00
 1487.0 1.00E-19 0.00E+00 0.00E+00 1.00E-19 0.00E+00
 1494.0 2.50E-18 0.00E+00 0.00E+00 2.50E-18 0.00E+00
 1498.0 5.00E-18 0.00E+00 0.00E+00 5.00E-18 0.00E+00
 1500.0 2.25E-17 0.00E+00 0.00E+00 2.25E-17 0.00E+00
 1502.0 1.00E-19 0.00E+00 0.00E+00 1.00E-19 0.00E+00
 1510.0 5.00E-18 0.00E+00 0.00E+00 5.00E-18 0.00E+00
 1525.0 1.00E-17 0.00E+00 0.00E+00 1.00E-17 0.00E+00
 1531.0 2.00E-17 0.00E+00 0.00E+00 2.00E-17 0.00E+00
 1540.0 1.00E-19 0.00E+00 0.00E+00 1.00E-19 0.00E+00
 1545.0 1.00E-17 0.00E+00 0.00E+00 1.00E-17 0.00E+00
 1550.0 2.00E-17 0.00E+00 0.00E+00 2.00E-17 0.00E+00
 1555.0 3.00E-17 0.00E+00 0.00E+00 3.00E-17 0.00E+00
 1560.0 1.00E-16 0.00E+00 0.00E+00 1.00E-16 0.00E+00
 1562.0 2.00E-16 0.00E+00 0.00E+00 2.00E-16 0.00E+00
 1563.0 5.00E-17 0.00E+00 0.00E+00 5.00E-17 0.00E+00
 1564.0 1.00E-17 0.00E+00 0.00E+00 1.00E-17 0.00E+00
 1568.0 1.00E-20 0.00E+00 0.00E+00 1.00E-20 0.00E+00
 1573.0 1.00E-19 0.00E+00 0.00E+00 1.00E-19 0.00E+00
 1574.0 3.00E-17 0.00E+00 0.00E+00 3.00E-17 0.00E+00
 1579.0 2.90E-17 0.00E+00 0.00E+00 2.90E-17 0.00E+00
 1587.0 2.00E-17 0.00E+00 0.00E+00 2.00E-17 0.00E+00
 1600.0 8.00E-18 0.00E+00 0.00E+00 8.00E-18 0.00E+00
 1601.0 1.00E-19 0.00E+00 0.00E+00 1.00E-19 0.00E+00
 1602.0 1.60E-17 0.00E+00 0.00E+00 1.60E-17 0.00E+00
 1603.0 1.00E-17 0.00E+00 0.00E+00 1.00E-17 0.00E+00
 1620.0 5.00E-18 0.00E+00 0.00E+00 5.00E-18 0.00E+00
 1660.0 1.50E-18 0.00E+00 0.00E+00 1.50E-18 0.00E+00
 1674.0 1.00E-18 0.00E+00 0.00E+00 1.00E-18 0.00E+00
 1675.0 5.00E-17 0.00E+00 0.00E+00 5.00E-17 0.00E+00
 1676.0 1.00E-19 0.00E+00 0.00E+00 1.00E-19 0.00E+00
 1698.0 1.00E-19 0.00E+00 0.00E+00 1.00E-19 0.00E+00
 1700.0 5.00E-19 0.00E+00 5.00E-19 0.00E+00 0.00E+00
 1720.0 1.00E-19 0.00E+00 1.00E-19 0.00E+00 0.00E+00
 1722.0 2.00E-20 0.00E+00 2.00E-20 0.00E+00 0.00E+00
 1771.0 1.40E-19 0.00E+00 1.40E-19 0.00E+00 0.00E+00
 1823.0 7.70E-19 0.00E+00 7.70E-19 0.00E+00 0.00E+00
 1851.0 1.57E-18 0.00E+00 1.57E-18 0.00E+00 0.00E+00
 1879.0 3.03E-18 0.00E+00 3.03E-18 0.00E+00 0.00E+00
 1907.0 5.12E-18 0.00E+00 5.12E-18 0.00E+00 0.00E+00
 1937.0 7.16E-18 0.00E+00 7.16E-18 0.00E+00 0.00E+00
 1968.0 8.44E-18 0.00E+00 8.44E-18 0.00E+00 0.00E+00
 1984.0 8.50E-18 0.00E+00 8.50E-18 0.00E+00 0.00E+00
 2000.0 7.56E-18 0.00E+00 7.56E-18 0.00E+00 0.00E+00
 2016.0 5.53E-18 0.00E+00 0.00E+00 0.00E+00 5.53E-18
 2033.0 3.68E-18 0.00E+00 0.00E+00 0.00E+00 3.68E-18
 2066.0 1.31E-18 0.00E+00 0.00E+00 0.00E+00 1.31E-18
 2101.0 5.40E-19 0.00E+00 0.00E+00 0.00E+00 5.40E-19
 2150.0 1.00E-20 0.00E+00 0.00E+00 0.00E+00 1.00E-20
 2628.0 1.00E-20 0.00E+00 0.00E+00 0.00E+00 1.00E-20
 3145.0 1.00E-20 0.00E+00 0.00E+00 0.00E+00 1.00E-20
 3146.0 1.00E-19 0.00E+00 0.00E+00 0.00E+00 1.00E-19
 3147.0 6.60E-16 0.00E+00 0.00E+00 0.00E+00 6.60E-16
 3148.0 1.00E-19 0.00E+00 0.00E+00 0.00E+00 1.00E-19
 3149.0 1.00E-20 0.00E+00 0.00E+00 0.00E+00 1.00E-20
 3243.0 1.00E-20 0.00E+00 0.00E+00 0.00E+00 1.00E-20
 3343.0 5.00E-20 0.00E+00 0.00E+00 0.00E+00 5.00E-20
 3388.0 1.50E-19 0.00E+00 0.00E+00 0.00E+00 1.50E-19
 3434.0 2.40E-19 0.00E+00 0.00E+00 0.00E+00 2.40E-19
 3457.0 3.10E-19 0.00E+00 0.00E+00 0.00E+00 3.10E-19
 3480.0 3.40E-19 0.00E+00 0.00E+00 0.00E+00 3.40E-19
 3506.0 3.10E-19 0.00E+00 0.00E+00 0.00E+00 3.10E-19
 3532.0 2.40E-19 0.00E+00 0.00E+00 0.00E+00 2.40E-19
 3583.0 1.50E-19 0.00E+00 0.00E+00 0.00E+00 1.50E-19
 3589.9 5.00E-20 0.00E+00 0.00E+00 0.00E+00 5.00E-20
