0          References for Cross Section of H-        Total   
Cross section:                                                                  
Lambda = 500.00 - 16000.00 A                                                    
   Geltman, S. (1962)                                                           
   Astrophys. J. 136, 935.                                                      
Lambda = 180.00 - 16640.00 A                                                    
   Broad, J. T., Reinhardt W. R. (1976)                                         
   Phys. Rev. A14, 2159.                                                        
Threshold (for H- detachment):                                                  
Lambda = 16439. A                                                               
   Lykke, K. R., Murray, K. K., Lineberger, W. C., (1991)                       
   Phys. Rev. A 43, 6104-6107.                                                  
   Rienstra-Kiracofe, J. C., Tschumper, G. S., F. Schaefer III, H. F.,          
   Sreela N., Ellison, G. B. (2002)                                             
   Chem. Rev. 102, 231-282.                                                     
                                                                                
0          References for Cross Section of H-        H+/2e   
Two-electron photoejection from H- (negative hydrogen ion)                      
Branching ratio (from cross sections):                                          
Lambda = 180.26 - 847.36 A                                                      
   Broad, J. T., Reinhardt, W. P. (1976)                                        
   Phys. Re. A 14, 2159-2173, Fig. 4.                                           
Threshold (for 2-electron ejection):                                            
Lambda = 863.4094 A.                                                            
                                                                                
0 Branching ratio for H-       Total        2 branches
 Lambda  Total   H+/2e    H/e     
    1.0 2.00E-27 0.00E+00 2.00E-27
    5.2 6.11E-25 4.58E-28 6.11E-25
   10.0 5.60E-24 9.00E-27 5.59E-24
   15.5 2.40E-23 6.22E-26 2.39E-23
   20.0 5.53E-23 1.87E-25 5.51E-23
   24.6 8.38E-23 3.53E-25 8.34E-23
   29.1 1.92E-22 9.64E-25 1.91E-22
   34.5 3.32E-22 1.98E-24 3.30E-22
   40.8 5.72E-22 4.06E-24 5.68E-22
   44.4 7.50E-22 5.81E-24 7.44E-22
   50.3 1.13E-21 9.95E-24 1.12E-21
   54.7 1.47E-21 1.41E-23 1.46E-21
   59.5 1.93E-21 2.02E-23 1.91E-21
   64.7 2.52E-21 2.87E-23 2.49E-21
   70.5 3.29E-21 4.08E-23 3.25E-21
   73.5 3.76E-21 4.86E-23 3.71E-21
   76.6 4.29E-21 5.79E-23 4.23E-21
   79.9 4.90E-21 6.90E-23 4.83E-21
   83.3 5.59E-21 8.21E-23 5.51E-21
   86.9 6.38E-21 9.78E-23 6.28E-21
   90.6 7.28E-21 1.16E-22 7.16E-21
   94.5 8.31E-21 1.39E-22 8.17E-21
   98.6 9.47E-21 1.65E-22 9.31E-21
  102.8 1.08E-20 1.96E-22 1.06E-20
  107.3 1.23E-20 2.33E-22 1.21E-20
  111.8 1.40E-20 2.77E-22 1.37E-20
  116.6 1.60E-20 3.30E-22 1.57E-20
  121.7 1.82E-20 3.92E-22 1.78E-20
  126.9 2.07E-20 4.65E-22 2.02E-20
  132.3 2.36E-20 5.53E-22 2.30E-20
  138.0 2.69E-20 6.58E-22 2.62E-20
  143.9 3.06E-20 7.81E-22 2.98E-20
  150.1 3.47E-20 9.24E-22 3.38E-20
  156.5 3.95E-20 1.10E-21 3.84E-20
  163.3 4.49E-20 1.30E-21 4.36E-20
  170.3 5.10E-20 1.54E-21 4.95E-20
  177.6 5.80E-20 1.83E-21 5.62E-20
  180.0 6.69E-20 2.14E-21 6.48E-20
  180.3 6.95E-20 2.22E-21 6.73E-20
  196.0 9.19E-20 3.95E-21 8.79E-20
  214.0 1.23E-19 5.90E-21 1.17E-19
  224.7 1.42E-19 6.96E-21 1.35E-19
  236.0 1.63E-19 7.99E-21 1.55E-19
  256.3 2.02E-19 1.03E-20 1.92E-19
  264.0 2.17E-19 1.06E-20 2.06E-19
  298.0 2.97E-19 1.40E-20 2.83E-19
  343.0 4.36E-19 2.22E-20 4.14E-19
  383.6 6.45E-19 3.93E-20 6.06E-19
  404.0 7.44E-19 4.09E-20 7.03E-19
  443.2 9.91E-19 4.46E-20 9.46E-19
  491.0 1.32E-18 7.52E-20 1.24E-18
  500.0 1.58E-18 8.06E-20 1.50E-18
  550.5 1.94E-18 1.13E-19 1.83E-18
  626.0 2.43E-18 9.72E-20 2.33E-18
  725.9 2.75E-18 2.06E-19 2.54E-18
  749.8 2.80E-18 1.15E-19 2.69E-18
  788.7 3.00E-18 1.17E-19 2.88E-18
  847.4 3.10E-18 3.41E-20 3.07E-18
  863.4 3.40E-18 0.00E+00 3.40E-18
  912.0 3.50E-18 0.00E+00 3.50E-18
 1000.0 3.65E-18 0.00E+00 3.65E-18
 1100.0 4.12E-18 0.00E+00 4.12E-18
 1200.0 4.67E-18 0.00E+00 4.67E-18
 1210.0 4.93E-18 0.00E+00 4.93E-18
 1300.0 5.23E-18 0.00E+00 5.23E-18
 1390.0 5.91E-18 0.00E+00 5.91E-18
 1400.0 5.81E-18 0.00E+00 5.81E-18
 1500.0 6.40E-18 0.00E+00 6.40E-18
 1600.0 7.00E-18 0.00E+00 7.00E-18
 1640.0 7.29E-18 0.00E+00 7.29E-18
 1700.0 7.62E-18 0.00E+00 7.62E-18
 1800.0 8.25E-18 0.00E+00 8.25E-18
 2000.0 9.53E-18 0.00E+00 9.53E-18
 2300.0 1.15E-17 0.00E+00 1.15E-17
 2500.0 1.29E-17 0.00E+00 1.29E-17
 2570.0 1.31E-17 0.00E+00 1.31E-17
 2700.0 1.42E-17 0.00E+00 1.42E-17
 3000.0 1.65E-17 0.00E+00 1.65E-17
 3100.0 1.69E-17 0.00E+00 1.69E-17
 3500.0 1.89E-17 0.00E+00 1.89E-17
 3580.0 1.97E-17 0.00E+00 1.97E-17
 3900.0 2.21E-17 0.00E+00 2.21E-17
 4000.0 2.23E-17 0.00E+00 2.23E-17
 4300.0 2.49E-17 0.00E+00 2.49E-17
 4500.0 2.56E-17 0.00E+00 2.56E-17
 4700.0 2.74E-17 0.00E+00 2.74E-17
 5000.0 2.84E-17 0.00E+00 2.84E-17
 5100.0 2.97E-17 0.00E+00 2.97E-17
 5280.0 3.02E-17 0.00E+00 3.02E-17
 5500.0 3.18E-17 0.00E+00 3.18E-17
 6000.0 3.35E-17 0.00E+00 3.35E-17
 6500.0 3.55E-17 0.00E+00 3.55E-17
 6700.0 3.69E-17 0.00E+00 3.69E-17
 6760.0 3.75E-17 0.00E+00 3.75E-17
 7000.0 3.70E-17 0.00E+00 3.70E-17
 7500.0 3.91E-17 0.00E+00 3.91E-17
 7940.0 3.95E-17 0.00E+00 3.95E-17
 8000.0 3.92E-17 0.00E+00 3.92E-17
 8500.0 3.95E-17 0.00E+00 3.95E-17
 9000.0 3.94E-17 0.00E+00 3.94E-17
 9620.0 3.99E-17 0.00E+00 3.99E-17
10000.0 3.74E-17 0.00E+00 3.74E-17
10500.0 3.59E-17 0.00E+00 3.59E-17
11000.0 3.39E-17 0.00E+00 3.39E-17
11500.0 3.14E-17 0.00E+00 3.14E-17
12000.0 2.86E-17 0.00E+00 2.86E-17
12190.0 2.81E-17 0.00E+00 2.81E-17
12500.0 2.54E-17 0.00E+00 2.54E-17
13000.0 2.19E-17 0.00E+00 2.19E-17
13500.0 1.83E-17 0.00E+00 1.83E-17
14000.0 1.45E-17 0.00E+00 1.45E-17
14500.0 1.06E-17 0.00E+00 1.06E-17
15000.0 7.11E-18 0.00E+00 7.11E-18
15500.0 4.00E-18 0.00E+00 4.00E-18
16000.0 1.69E-18 0.00E+00 1.69E-18
16439.0 1.00E-25 0.00E+00 1.00E-25
