0          References for Cross Section of N2O       Total   
Cross section:                                                                  
Lambda = 0.61-625. A                                                            
   synthesized from atomic cross sections of N and O                            
   Barfield, W. D., Koontz, G. D., Huebner W. F. (1972)                         
   J. Quant. Spectr. Rad. Trans. 12, 1409                                       
Lambda = 1080.-1700. A                                                          
   Zelikoff, M., Watanabe, K., Inn, E. C. Y. (1953)                             
   J. Chem. Phys. 21, 1643                                                      
Lambda = 1730.-2400. A                                                          
   Selwyn, G., Podolske, J., Johnston, H. S. (1977)                             
   Geophys. Res. Lett. 4, 427                                                   
                                                                                
0          References for Cross Section of N2O       N2/O1S  
Branching ratio:                                                                
Lambda = 1200.-1400. A                                                          
   Okabe, H. (1978)                                                             
   Photochemistry of Small Molecules, John Wiley & Sons, New York, p. 2.        
                                                                                
0 Branching ratio for N2O      Total        2 branches
 Lambda  Total   N2/O1S   N2/O1D  
    0.6 3.10E-23 3.10E-23 0.00E+00
    1.1 3.00E-22 3.00E-22 0.00E+00
    2.4 2.50E-21 2.50E-21 0.00E+00
    6.2 3.90E-20 3.90E-20 0.00E+00
   12.6 2.90E-19 2.90E-19 0.00E+00
   22.6 1.30E-18 1.30E-18 0.00E+00
   23.6 8.30E-19 8.30E-19 0.00E+00
   24.6 9.80E-19 9.80E-19 0.00E+00
   29.1 1.50E-18 1.50E-18 0.00E+00
   30.4 1.40E-19 1.40E-19 0.00E+00
   62.1 7.50E-19 7.50E-19 0.00E+00
  121.7 3.40E-18 3.40E-18 0.00E+00
  248.6 1.30E-17 1.30E-17 0.00E+00
  625.8 3.60E-17 3.60E-17 0.00E+00
 1080.0 3.45E-17 3.45E-17 0.00E+00
 1090.0 6.09E-17 6.09E-17 0.00E+00
 1100.0 6.50E-17 6.50E-17 0.00E+00
 1110.0 4.47E-17 4.47E-17 0.00E+00
 1120.0 3.65E-17 3.65E-17 0.00E+00
 1130.0 3.45E-17 3.45E-17 0.00E+00
 1140.0 2.23E-17 2.23E-17 0.00E+00
 1150.0 1.32E-17 1.32E-17 0.00E+00
 1160.0 1.42E-17 1.42E-17 0.00E+00
 1170.0 1.22E-17 1.22E-17 0.00E+00
 1180.0 1.22E-16 1.22E-16 0.00E+00
 1190.0 5.08E-18 5.08E-18 0.00E+00
 1200.0 3.25E-18 3.25E-18 0.00E+00
 1210.0 3.05E-18 3.05E-18 0.00E+00
 1220.0 3.05E-18 3.05E-18 0.00E+00
 1230.0 6.09E-18 6.09E-18 0.00E+00
 1245.0 1.83E-17 1.83E-17 0.00E+00
 1260.0 4.67E-17 4.67E-17 0.00E+00
 1275.0 8.93E-17 8.93E-17 0.00E+00
 1290.0 9.74E-17 9.74E-17 0.00E+00
 1305.0 7.11E-17 7.11E-17 0.00E+00
 1320.0 3.65E-17 3.65E-17 0.00E+00
 1335.0 1.83E-17 1.83E-17 0.00E+00
 1350.0 6.09E-18 6.09E-18 0.00E+00
 1365.0 2.03E-18 2.03E-18 0.00E+00
 1380.0 8.12E-19 8.12E-19 0.00E+00
 1395.0 8.93E-19 8.93E-19 0.00E+00
 1410.0 1.83E-18 1.80E-18 2.56E-20
 1425.0 4.47E-18 4.31E-18 1.56E-19
 1440.0 5.68E-18 5.36E-18 3.18E-19
 1445.0 8.53E-18 7.99E-18 5.37E-19
 1450.0 5.89E-18 5.48E-18 4.12E-19
 1456.0 9.74E-18 8.98E-18 7.63E-19
 1462.0 5.48E-18 5.00E-18 4.75E-19
 1467.0 8.93E-18 8.09E-18 8.37E-19
 1470.0 4.67E-18 4.21E-18 4.57E-19
 1476.0 6.50E-18 5.81E-18 6.91E-19
 1485.0 3.05E-18 2.69E-18 3.63E-19
 1500.0 1.62E-18 1.39E-18 2.27E-19
 1515.0 8.93E-19 7.49E-19 1.44E-19
 1530.0 4.06E-19 3.32E-19 7.38E-20
 1545.0 2.23E-19 1.78E-19 4.52E-20
 1560.0 8.12E-20 6.30E-20 1.82E-20
 1575.0 4.06E-20 3.07E-20 9.94E-21
 1590.0 3.25E-20 2.39E-20 8.64E-21
 1600.0 4.47E-20 3.22E-20 1.25E-20
 1625.0 5.28E-20 3.62E-20 1.66E-20
 1650.0 6.29E-20 4.09E-20 2.20E-20
 1675.0 7.31E-20 4.50E-20 2.81E-20
 1700.0 9.34E-20 5.42E-20 3.92E-20
 1730.0 1.13E-19 6.08E-20 5.22E-20
 1740.0 1.19E-19 6.24E-20 5.66E-20
 1750.0 1.26E-19 6.43E-20 6.17E-20
 1760.0 1.34E-19 6.65E-20 6.75E-20
 1770.0 1.40E-19 6.76E-20 7.24E-20
 1780.0 1.39E-19 6.51E-20 7.39E-20
 1790.0 1.44E-19 6.55E-20 7.85E-20
 1800.0 1.46E-19 6.43E-20 8.17E-20
 1810.0 1.46E-19 6.23E-20 8.37E-20
 1820.0 1.47E-19 6.07E-20 8.63E-20
 1830.0 1.46E-19 5.82E-20 8.78E-20
 1840.0 1.44E-19 5.54E-20 8.86E-20
 1850.0 1.43E-19 5.30E-20 9.00E-20
 1860.0 1.36E-19 4.85E-20 8.75E-20
 1870.0 1.31E-19 4.49E-20 8.61E-20
 1880.0 1.25E-19 4.11E-20 8.39E-20
 1890.0 1.17E-19 3.68E-20 8.02E-20
 1900.0 1.11E-19 3.34E-20 7.76E-20
 1910.0 1.04E-19 2.98E-20 7.42E-20
 1920.0 9.75E-20 2.66E-20 7.09E-20
 1930.0 8.95E-20 2.32E-20 6.63E-20
 1940.0 8.11E-20 1.98E-20 6.13E-20
 1950.0 7.57E-20 1.75E-20 5.82E-20
 1960.0 6.82E-20 1.48E-20 5.34E-20
 1970.0 6.10E-20 1.24E-20 4.86E-20
 1980.0 5.35E-20 1.01E-20 4.34E-20
 1990.0 4.70E-20 8.22E-21 3.88E-20
 2000.0 4.09E-20 6.58E-21 3.43E-20
 2010.0 3.58E-20 5.26E-21 3.05E-20
 2020.0 3.09E-20 4.11E-21 2.68E-20
 2030.0 2.67E-20 3.17E-21 2.35E-20
 2040.0 2.30E-20 2.41E-21 2.06E-20
 2050.0 1.95E-20 1.77E-21 1.77E-20
 2060.0 1.65E-20 1.27E-21 1.52E-20
 2070.0 1.38E-20 8.69E-22 1.29E-20
 2080.0 1.16E-20 5.68E-22 1.10E-20
 2090.0 9.80E-21 3.43E-22 9.46E-21
 2100.0 7.55E-21 1.58E-22 7.39E-21
 2110.0 6.19E-21 4.33E-23 6.15E-21
 2120.0 5.18E-21 0.00E+00 5.18E-21
 2130.0 4.21E-21 0.00E+00 4.21E-21
 2140.0 3.42E-21 0.00E+00 3.42E-21
 2150.0 2.76E-21 0.00E+00 2.76E-21
 2160.0 2.23E-21 0.00E+00 2.23E-21
 2170.0 1.79E-21 0.00E+00 1.79E-21
 2180.0 1.42E-21 0.00E+00 1.42E-21
 2190.0 1.15E-21 0.00E+00 1.15E-21
 2200.0 9.22E-22 0.00E+00 9.22E-22
 2210.0 7.39E-22 0.00E+00 7.39E-22
 2220.0 5.88E-22 0.00E+00 5.88E-22
 2230.0 4.74E-22 0.00E+00 4.74E-22
 2240.0 3.75E-22 0.00E+00 3.75E-22
 2250.0 3.03E-22 0.00E+00 3.03E-22
 2260.0 2.39E-22 0.00E+00 2.39E-22
 2270.0 1.90E-22 0.00E+00 1.90E-22
 2280.0 1.51E-22 0.00E+00 1.51E-22
 2290.0 1.20E-22 0.00E+00 1.20E-22
 2300.0 9.55E-23 0.00E+00 9.55E-23
 2310.0 7.60E-23 0.00E+00 7.60E-23
 2320.0 6.05E-23 0.00E+00 6.05E-23
 2330.0 4.78E-23 0.00E+00 4.78E-23
 2340.0 3.60E-23 0.00E+00 3.60E-23
 2350.0 3.01E-23 0.00E+00 3.01E-23
 2360.0 2.40E-23 0.00E+00 2.40E-23
 2370.0 1.91E-23 0.00E+00 1.91E-23
 2380.0 1.52E-23 0.00E+00 1.52E-23
 2390.0 1.23E-23 0.00E+00 1.23E-23
 2400.0 1.01E-23 0.00E+00 1.01E-23
 3407.0 1.00E-32 0.00E+00 1.00E-32
