0          References for Cross Section of NO2       Total   
Cross section:                                                                  
Lambda = 0.6-940. A                                                             
   Assumed same cross section as HONO                                           
Lambda = 1080.-1800. A                                                          
   Nakayama, T., Kitamura, M. Y., Watanabe, K. (1959)                           
   J. Chem. Phys. 30, 1180                                                      
Lambda = 1850.-3978.00 A                                                        
   Bass, A. M., Ledford, A. E., Laufer, A. H. (1976)                            
   J. Res. NBS A Phys. Chem. 80A, 143                                           
Dissociation limit and energy:                                                  
Lambda = 3978. A                                                                
   Jones, I. T. N., Bayes, K. D. (1973)                                         
   J. Chem. Phys. 59, 4863                                                      
                                                                                
0          References for Cross Section of NO2       NO2+    
Branching ratio:                                                                
Lambda = 1080.-1270. A                                                          
   Nakayama, T., Kitamura, M. Y., Watanabe, K. (1959)                           
   J. Chem. Phys. 30, 1180                                                      
                                                                                
0          References for Cross Section of NO2       NO/O1D  
                                                                                
0 Branching ratio for NO2      Total        3 branches
 Lambda  Total   NO2+     NO/O1D   NO/O    
    0.6 3.80E-23 3.80E-23 0.00E+00 0.00E+00
    1.1 3.70E-22 3.70E-22 0.00E+00 0.00E+00
    2.4 3.00E-21 3.00E-21 0.00E+00 0.00E+00
    6.2 4.60E-20 4.60E-20 0.00E+00 0.00E+00
   12.6 3.40E-19 3.40E-19 0.00E+00 0.00E+00
   22.6 1.90E-18 1.90E-18 0.00E+00 0.00E+00
   23.6 4.90E-19 4.90E-19 0.00E+00 0.00E+00
   24.6 5.40E-19 5.40E-19 0.00E+00 0.00E+00
   29.1 8.20E-19 8.20E-19 0.00E+00 0.00E+00
   30.4 1.50E-19 1.50E-19 0.00E+00 0.00E+00
   62.1 9.00E-19 9.00E-19 0.00E+00 0.00E+00
  121.7 4.10E-18 4.10E-18 0.00E+00 0.00E+00
  248.6 1.50E-17 1.50E-17 0.00E+00 0.00E+00
  625.8 3.90E-17 3.90E-17 0.00E+00 0.00E+00
  915.0 4.50E-17 4.50E-17 0.00E+00 0.00E+00
  940.0 3.00E-17 3.00E-17 0.00E+00 0.00E+00
 1080.0 9.35E-18 2.15E-18 2.52E-18 4.68E-18
 1100.0 1.30E-17 2.99E-18 3.51E-18 6.50E-18
 1120.0 1.19E-17 2.02E-18 3.93E-18 5.95E-18
 1140.0 1.12E-17 1.12E-18 4.48E-18 5.60E-18
 1160.0 7.44E-18 3.72E-19 3.35E-18 3.72E-18
 1180.0 7.82E-18 1.56E-19 3.64E-18 4.03E-18
 1200.0 7.06E-18 7.06E-20 3.32E-18 3.67E-18
 1220.0 1.03E-17 3.40E-20 5.11E-18 5.16E-18
 1240.0 1.77E-17 3.54E-20 8.81E-18 8.85E-18
 1260.0 2.98E-17 8.94E-21 1.49E-17 1.49E-17
 1280.0 2.90E-17 0.00E+00 1.45E-17 1.45E-17
 1300.0 1.34E-17 0.00E+00 6.70E-18 6.70E-18
 1320.0 6.32E-18 0.00E+00 3.16E-18 3.16E-18
 1340.0 1.15E-17 0.00E+00 5.75E-18 5.75E-18
 1360.0 8.56E-18 0.00E+00 4.28E-18 4.28E-18
 1380.0 1.03E-17 0.00E+00 5.15E-18 5.15E-18
 1400.0 1.12E-17 0.00E+00 5.60E-18 5.60E-18
 1420.0 1.30E-17 0.00E+00 6.50E-18 6.50E-18
 1440.0 1.90E-17 0.00E+00 9.50E-18 9.50E-18
 1460.0 1.23E-17 0.00E+00 6.15E-18 6.15E-18
 1480.0 1.04E-17 0.00E+00 5.20E-18 5.20E-18
 1500.0 1.08E-17 0.00E+00 5.40E-18 5.40E-18
 1520.0 2.01E-17 0.00E+00 1.00E-17 1.00E-17
 1540.0 1.54E-17 0.00E+00 7.70E-18 7.70E-18
 1560.0 1.50E-17 0.00E+00 7.50E-18 7.50E-18
 1580.0 1.41E-17 0.00E+00 7.05E-18 7.05E-18
 1600.0 1.48E-17 0.00E+00 7.40E-18 7.40E-18
 1650.0 1.57E-17 0.00E+00 7.85E-18 7.85E-18
 1700.0 1.64E-17 0.00E+00 8.20E-18 8.20E-18
 1750.0 1.04E-17 0.00E+00 5.20E-18 5.20E-18
 1800.0 6.32E-18 0.00E+00 3.16E-18 3.16E-18
 1850.0 2.60E-19 0.00E+00 1.30E-19 1.30E-19
 1851.3 2.57E-19 0.00E+00 1.29E-19 1.29E-19
 1852.5 2.71E-19 0.00E+00 1.35E-19 1.35E-19
 1853.8 2.46E-19 0.00E+00 1.23E-19 1.23E-19
 1855.0 2.46E-19 0.00E+00 1.23E-19 1.23E-19
 1856.3 2.72E-19 0.00E+00 1.36E-19 1.36E-19
 1857.5 2.39E-19 0.00E+00 1.19E-19 1.19E-19
 1858.8 2.65E-19 0.00E+00 1.32E-19 1.32E-19
 1860.0 2.69E-19 0.00E+00 1.35E-19 1.35E-19
 1861.3 2.77E-19 0.00E+00 1.38E-19 1.38E-19
 1862.5 2.78E-19 0.00E+00 1.39E-19 1.39E-19
 1863.8 2.34E-19 0.00E+00 1.17E-19 1.17E-19
 1865.0 2.40E-19 0.00E+00 1.20E-19 1.20E-19
 1866.3 2.71E-19 0.00E+00 1.35E-19 1.35E-19
 1867.5 2.75E-19 0.00E+00 1.37E-19 1.37E-19
 1868.8 2.47E-19 0.00E+00 1.24E-19 1.24E-19
 1870.0 2.61E-19 0.00E+00 1.30E-19 1.30E-19
 1871.3 2.62E-19 0.00E+00 1.31E-19 1.31E-19
 1872.5 2.77E-19 0.00E+00 1.38E-19 1.38E-19
 1873.8 2.60E-19 0.00E+00 1.30E-19 1.30E-19
 1875.0 2.83E-19 0.00E+00 1.42E-19 1.42E-19
 1876.3 2.71E-19 0.00E+00 1.35E-19 1.35E-19
 1877.5 2.54E-19 0.00E+00 1.27E-19 1.27E-19
 1878.8 2.79E-19 0.00E+00 1.40E-19 1.40E-19
 1880.0 2.87E-19 0.00E+00 1.43E-19 1.43E-19
 1881.3 2.86E-19 0.00E+00 1.43E-19 1.43E-19
 1882.5 2.73E-19 0.00E+00 1.37E-19 1.37E-19
 1883.8 2.73E-19 0.00E+00 1.37E-19 1.37E-19
 1885.0 2.65E-19 0.00E+00 1.32E-19 1.32E-19
 1886.3 2.79E-19 0.00E+00 1.40E-19 1.40E-19
 1887.5 2.81E-19 0.00E+00 1.40E-19 1.40E-19
 1888.8 2.77E-19 0.00E+00 1.38E-19 1.38E-19
 1890.0 3.01E-19 0.00E+00 1.50E-19 1.50E-19
 1891.3 2.91E-19 0.00E+00 1.45E-19 1.45E-19
 1892.5 3.01E-19 0.00E+00 1.50E-19 1.50E-19
 1893.8 2.93E-19 0.00E+00 1.47E-19 1.47E-19
 1895.0 2.90E-19 0.00E+00 1.45E-19 1.45E-19
 1896.3 2.87E-19 0.00E+00 1.43E-19 1.43E-19
 1897.5 2.93E-19 0.00E+00 1.47E-19 1.47E-19
 1898.8 2.90E-19 0.00E+00 1.45E-19 1.45E-19
 1900.0 2.93E-19 0.00E+00 1.47E-19 1.47E-19
 1901.3 2.77E-19 0.00E+00 1.38E-19 1.38E-19
 1902.5 2.74E-19 0.00E+00 1.37E-19 1.37E-19
 1903.8 2.60E-19 0.00E+00 1.30E-19 1.30E-19
 1905.0 2.55E-19 0.00E+00 1.27E-19 1.27E-19
 1906.3 2.74E-19 0.00E+00 1.37E-19 1.37E-19
 1907.5 2.74E-19 0.00E+00 1.37E-19 1.37E-19
 1908.8 2.79E-19 0.00E+00 1.40E-19 1.40E-19
 1910.0 2.84E-19 0.00E+00 1.42E-19 1.42E-19
 1911.3 2.57E-19 0.00E+00 1.29E-19 1.29E-19
 1912.5 2.85E-19 0.00E+00 1.42E-19 1.42E-19
 1913.8 2.83E-19 0.00E+00 1.42E-19 1.42E-19
 1915.0 2.83E-19 0.00E+00 1.42E-19 1.42E-19
 1916.3 2.76E-19 0.00E+00 1.38E-19 1.38E-19
 1917.5 2.89E-19 0.00E+00 1.45E-19 1.45E-19
 1918.8 2.60E-19 0.00E+00 1.30E-19 1.30E-19
 1920.0 2.71E-19 0.00E+00 1.35E-19 1.35E-19
 1921.3 2.65E-19 0.00E+00 1.32E-19 1.32E-19
 1922.5 2.47E-19 0.00E+00 1.24E-19 1.24E-19
 1923.8 2.71E-19 0.00E+00 1.35E-19 1.35E-19
 1925.0 2.63E-19 0.00E+00 1.32E-19 1.32E-19
 1926.3 2.71E-19 0.00E+00 1.35E-19 1.35E-19
 1927.5 2.56E-19 0.00E+00 1.28E-19 1.28E-19
 1928.8 2.51E-19 0.00E+00 1.26E-19 1.26E-19
 1930.0 2.50E-19 0.00E+00 1.25E-19 1.25E-19
 1931.3 2.46E-19 0.00E+00 1.23E-19 1.23E-19
 1932.5 2.36E-19 0.00E+00 1.18E-19 1.18E-19
 1933.8 2.65E-19 0.00E+00 1.32E-19 1.32E-19
 1935.0 2.46E-19 0.00E+00 1.23E-19 1.23E-19
 1936.3 2.45E-19 0.00E+00 1.22E-19 1.22E-19
 1937.5 2.49E-19 0.00E+00 1.24E-19 1.24E-19
 1938.8 2.14E-19 0.00E+00 1.07E-19 1.07E-19
 1940.0 2.47E-19 0.00E+00 1.24E-19 1.24E-19
 1941.3 2.53E-19 0.00E+00 1.27E-19 1.27E-19
 1942.5 2.53E-19 0.00E+00 1.27E-19 1.27E-19
 1943.8 2.48E-19 0.00E+00 1.24E-19 1.24E-19
 1945.0 2.68E-19 0.00E+00 1.34E-19 1.34E-19
 1946.3 2.75E-19 0.00E+00 1.37E-19 1.37E-19
 1947.5 2.68E-19 0.00E+00 1.34E-19 1.34E-19
 1948.8 2.64E-19 0.00E+00 1.32E-19 1.32E-19
 1950.0 2.42E-19 0.00E+00 1.21E-19 1.21E-19
 1951.3 2.38E-19 0.00E+00 1.19E-19 1.19E-19
 1952.5 2.44E-19 0.00E+00 1.22E-19 1.22E-19
 1953.8 2.46E-19 0.00E+00 1.23E-19 1.23E-19
 1955.0 2.15E-19 0.00E+00 1.08E-19 1.08E-19
 1956.3 2.23E-19 0.00E+00 1.11E-19 1.11E-19
 1957.5 2.19E-19 0.00E+00 1.09E-19 1.09E-19
 1958.8 2.24E-19 0.00E+00 1.12E-19 1.12E-19
 1960.0 2.36E-19 0.00E+00 1.18E-19 1.18E-19
 1961.3 2.35E-19 0.00E+00 1.18E-19 1.18E-19
 1962.5 2.40E-19 0.00E+00 1.20E-19 1.20E-19
 1963.8 2.29E-19 0.00E+00 1.14E-19 1.14E-19
 1965.0 2.56E-19 0.00E+00 1.28E-19 1.28E-19
 1966.3 2.57E-19 0.00E+00 1.29E-19 1.29E-19
 1967.5 2.41E-19 0.00E+00 1.21E-19 1.21E-19
 1968.8 2.49E-19 0.00E+00 1.24E-19 1.24E-19
 1970.0 2.40E-19 0.00E+00 1.20E-19 1.20E-19
 1971.3 2.52E-19 0.00E+00 1.26E-19 1.26E-19
 1972.5 2.46E-19 0.00E+00 1.23E-19 1.23E-19
 1973.8 2.40E-19 0.00E+00 1.20E-19 1.20E-19
 1975.0 2.46E-19 0.00E+00 1.23E-19 1.23E-19
 1976.3 2.61E-19 0.00E+00 1.30E-19 1.30E-19
 1977.5 2.49E-19 0.00E+00 1.24E-19 1.24E-19
 1978.8 2.47E-19 0.00E+00 1.24E-19 1.24E-19
 1980.0 2.46E-19 0.00E+00 1.23E-19 1.23E-19
 1981.3 2.67E-19 0.00E+00 1.34E-19 1.34E-19
 1982.5 2.52E-19 0.00E+00 1.26E-19 1.26E-19
 1983.8 2.49E-19 0.00E+00 1.24E-19 1.24E-19
 1985.0 2.56E-19 0.00E+00 1.28E-19 1.28E-19
 1986.3 2.46E-19 0.00E+00 1.23E-19 1.23E-19
 1987.5 2.51E-19 0.00E+00 1.26E-19 1.26E-19
 1988.8 2.35E-19 0.00E+00 1.18E-19 1.18E-19
 1990.0 2.36E-19 0.00E+00 1.18E-19 1.18E-19
 1991.3 2.41E-19 0.00E+00 1.21E-19 1.21E-19
 1992.5 2.45E-19 0.00E+00 1.22E-19 1.22E-19
 1993.8 2.27E-19 0.00E+00 1.13E-19 1.13E-19
 1995.0 2.49E-19 0.00E+00 1.24E-19 1.24E-19
 1996.3 2.28E-19 0.00E+00 1.14E-19 1.14E-19
 1997.5 2.57E-19 0.00E+00 1.29E-19 1.29E-19
 1998.8 2.50E-19 0.00E+00 1.25E-19 1.25E-19
 2000.0 2.50E-19 0.00E+00 1.25E-19 1.25E-19
 2001.3 2.71E-19 0.00E+00 1.35E-19 1.36E-19
 2002.5 2.70E-19 0.00E+00 1.35E-19 1.35E-19
 2003.8 2.62E-19 0.00E+00 1.31E-19 1.31E-19
 2005.0 2.68E-19 0.00E+00 1.34E-19 1.34E-19
 2006.3 2.85E-19 0.00E+00 1.42E-19 1.43E-19
 2007.5 2.96E-19 0.00E+00 1.47E-19 1.49E-19
 2008.8 2.89E-19 0.00E+00 1.44E-19 1.45E-19
 2010.0 2.88E-19 0.00E+00 1.43E-19 1.45E-19
 2011.3 2.99E-19 0.00E+00 1.49E-19 1.50E-19
 2012.5 2.91E-19 0.00E+00 1.45E-19 1.46E-19
 2013.8 3.01E-19 0.00E+00 1.50E-19 1.51E-19
 2015.0 2.73E-19 0.00E+00 1.36E-19 1.37E-19
 2016.3 2.82E-19 0.00E+00 1.40E-19 1.42E-19
 2017.5 2.90E-19 0.00E+00 1.44E-19 1.46E-19
 2018.8 2.87E-19 0.00E+00 1.42E-19 1.45E-19
 2020.0 2.87E-19 0.00E+00 1.42E-19 1.45E-19
 2021.3 2.58E-19 0.00E+00 1.28E-19 1.30E-19
 2022.5 2.67E-19 0.00E+00 1.32E-19 1.35E-19
 2023.8 2.77E-19 0.00E+00 1.37E-19 1.40E-19
 2025.0 2.77E-19 0.00E+00 1.37E-19 1.40E-19
 2026.3 2.75E-19 0.00E+00 1.36E-19 1.39E-19
 2027.5 2.79E-19 0.00E+00 1.38E-19 1.41E-19
 2028.8 2.91E-19 0.00E+00 1.44E-19 1.47E-19
 2030.0 2.82E-19 0.00E+00 1.39E-19 1.43E-19
 2031.3 2.79E-19 0.00E+00 1.38E-19 1.41E-19
 2032.5 2.91E-19 0.00E+00 1.43E-19 1.48E-19
 2033.8 2.91E-19 0.00E+00 1.43E-19 1.48E-19
 2035.0 3.13E-19 0.00E+00 1.54E-19 1.59E-19
 2036.3 3.20E-19 0.00E+00 1.57E-19 1.63E-19
 2037.5 3.07E-19 0.00E+00 1.51E-19 1.56E-19
 2038.8 3.10E-19 0.00E+00 1.52E-19 1.58E-19
 2040.0 3.43E-19 0.00E+00 1.68E-19 1.75E-19
 2041.3 3.44E-19 0.00E+00 1.69E-19 1.75E-19
 2042.5 3.51E-19 0.00E+00 1.72E-19 1.79E-19
 2043.8 3.45E-19 0.00E+00 1.69E-19 1.76E-19
 2045.0 3.54E-19 0.00E+00 1.73E-19 1.81E-19
 2046.3 3.60E-19 0.00E+00 1.76E-19 1.84E-19
 2047.5 3.63E-19 0.00E+00 1.78E-19 1.85E-19
 2048.8 3.60E-19 0.00E+00 1.76E-19 1.84E-19
 2050.0 3.75E-19 0.00E+00 1.83E-19 1.92E-19
 2051.3 3.64E-19 0.00E+00 1.78E-19 1.86E-19
 2052.5 3.77E-19 0.00E+00 1.84E-19 1.93E-19
 2053.8 3.70E-19 0.00E+00 1.80E-19 1.90E-19
 2055.0 3.47E-19 0.00E+00 1.69E-19 1.78E-19
 2056.3 3.50E-19 0.00E+00 1.71E-19 1.79E-19
 2057.5 3.40E-19 0.00E+00 1.66E-19 1.74E-19
 2058.8 3.33E-19 0.00E+00 1.62E-19 1.71E-19
 2060.0 3.34E-19 0.00E+00 1.62E-19 1.72E-19
 2061.3 3.40E-19 0.00E+00 1.65E-19 1.75E-19
 2062.5 3.45E-19 0.00E+00 1.68E-19 1.77E-19
 2063.8 3.40E-19 0.00E+00 1.65E-19 1.75E-19
 2065.0 3.34E-19 0.00E+00 1.62E-19 1.72E-19
 2066.3 3.39E-19 0.00E+00 1.64E-19 1.75E-19
 2067.5 3.34E-19 0.00E+00 1.62E-19 1.72E-19
 2068.8 3.54E-19 0.00E+00 1.71E-19 1.83E-19
 2070.0 3.43E-19 0.00E+00 1.66E-19 1.77E-19
 2071.3 3.51E-19 0.00E+00 1.70E-19 1.81E-19
 2072.5 3.62E-19 0.00E+00 1.75E-19 1.87E-19
 2073.8 3.65E-19 0.00E+00 1.76E-19 1.89E-19
 2075.0 3.80E-19 0.00E+00 1.84E-19 1.96E-19
 2076.3 3.89E-19 0.00E+00 1.88E-19 2.01E-19
 2077.5 3.88E-19 0.00E+00 1.87E-19 2.01E-19
 2078.8 4.09E-19 0.00E+00 1.97E-19 2.12E-19
 2080.0 4.22E-19 0.00E+00 2.03E-19 2.19E-19
 2081.3 4.54E-19 0.00E+00 2.19E-19 2.35E-19
 2082.5 4.40E-19 0.00E+00 2.12E-19 2.28E-19
 2083.8 4.50E-19 0.00E+00 2.16E-19 2.34E-19
 2085.0 4.51E-19 0.00E+00 2.17E-19 2.34E-19
 2086.3 4.42E-19 0.00E+00 2.12E-19 2.30E-19
 2087.5 4.33E-19 0.00E+00 2.08E-19 2.25E-19
 2088.8 4.30E-19 0.00E+00 2.06E-19 2.24E-19
 2090.0 4.27E-19 0.00E+00 2.05E-19 2.22E-19
 2091.3 4.27E-19 0.00E+00 2.05E-19 2.22E-19
 2092.5 4.25E-19 0.00E+00 2.04E-19 2.21E-19
 2093.8 4.15E-19 0.00E+00 1.99E-19 2.16E-19
 2095.0 4.10E-19 0.00E+00 1.96E-19 2.14E-19
 2096.3 3.92E-19 0.00E+00 1.87E-19 2.05E-19
 2097.5 4.00E-19 0.00E+00 1.91E-19 2.09E-19
 2098.8 4.04E-19 0.00E+00 1.93E-19 2.11E-19
 2100.0 3.85E-19 0.00E+00 1.84E-19 2.01E-19
 2101.3 3.79E-19 0.00E+00 1.81E-19 1.98E-19
 2102.5 3.70E-19 0.00E+00 1.76E-19 1.94E-19
 2103.8 3.67E-19 0.00E+00 1.75E-19 1.92E-19
 2105.0 3.74E-19 0.00E+00 1.78E-19 1.96E-19
 2106.3 3.79E-19 0.00E+00 1.80E-19 1.99E-19
 2107.5 3.78E-19 0.00E+00 1.80E-19 1.98E-19
 2108.8 3.79E-19 0.00E+00 1.80E-19 1.99E-19
 2110.0 3.94E-19 0.00E+00 1.87E-19 2.07E-19
 2111.3 4.06E-19 0.00E+00 1.93E-19 2.13E-19
 2112.5 4.04E-19 0.00E+00 1.92E-19 2.12E-19
 2113.8 4.13E-19 0.00E+00 1.96E-19 2.17E-19
 2115.0 4.25E-19 0.00E+00 2.01E-19 2.24E-19
 2116.3 4.43E-19 0.00E+00 2.10E-19 2.33E-19
 2117.5 4.43E-19 0.00E+00 2.10E-19 2.33E-19
 2118.8 4.55E-19 0.00E+00 2.15E-19 2.40E-19
 2120.0 4.59E-19 0.00E+00 2.17E-19 2.42E-19
 2121.3 4.65E-19 0.00E+00 2.20E-19 2.45E-19
 2122.5 4.71E-19 0.00E+00 2.22E-19 2.49E-19
 2123.8 4.78E-19 0.00E+00 2.26E-19 2.52E-19
 2125.0 4.88E-19 0.00E+00 2.30E-19 2.58E-19
 2126.3 5.01E-19 0.00E+00 2.36E-19 2.65E-19
 2127.5 5.07E-19 0.00E+00 2.39E-19 2.68E-19
 2128.8 5.00E-19 0.00E+00 2.35E-19 2.65E-19
 2130.0 4.91E-19 0.00E+00 2.31E-19 2.60E-19
 2131.3 4.77E-19 0.00E+00 2.24E-19 2.53E-19
 2132.5 4.62E-19 0.00E+00 2.17E-19 2.45E-19
 2133.8 4.57E-19 0.00E+00 2.15E-19 2.42E-19
 2135.0 4.55E-19 0.00E+00 2.14E-19 2.41E-19
 2136.3 4.55E-19 0.00E+00 2.13E-19 2.42E-19
 2137.5 4.51E-19 0.00E+00 2.11E-19 2.40E-19
 2138.8 4.38E-19 0.00E+00 2.05E-19 2.33E-19
 2140.0 4.26E-19 0.00E+00 1.99E-19 2.27E-19
 2141.3 4.28E-19 0.00E+00 2.00E-19 2.28E-19
 2142.5 4.18E-19 0.00E+00 1.95E-19 2.23E-19
 2143.8 4.21E-19 0.00E+00 1.97E-19 2.24E-19
 2145.0 4.22E-19 0.00E+00 1.97E-19 2.25E-19
 2146.3 4.30E-19 0.00E+00 2.01E-19 2.29E-19
 2147.5 4.26E-19 0.00E+00 1.99E-19 2.27E-19
 2148.8 4.25E-19 0.00E+00 1.98E-19 2.27E-19
 2150.0 4.02E-19 0.00E+00 1.87E-19 2.15E-19
 2151.3 3.97E-19 0.00E+00 1.85E-19 2.12E-19
 2152.5 4.11E-19 0.00E+00 1.91E-19 2.20E-19
 2153.8 3.97E-19 0.00E+00 1.85E-19 2.12E-19
 2155.0 3.99E-19 0.00E+00 1.85E-19 2.14E-19
 2156.3 4.13E-19 0.00E+00 1.92E-19 2.21E-19
 2157.5 4.25E-19 0.00E+00 1.97E-19 2.28E-19
 2158.8 4.54E-19 0.00E+00 2.11E-19 2.43E-19
 2160.0 4.64E-19 0.00E+00 2.15E-19 2.49E-19
 2161.3 4.76E-19 0.00E+00 2.21E-19 2.55E-19
 2162.5 4.79E-19 0.00E+00 2.22E-19 2.57E-19
 2163.8 4.86E-19 0.00E+00 2.25E-19 2.61E-19
 2165.0 4.84E-19 0.00E+00 2.24E-19 2.60E-19
 2166.3 4.87E-19 0.00E+00 2.25E-19 2.62E-19
 2167.5 4.98E-19 0.00E+00 2.30E-19 2.68E-19
 2168.8 4.98E-19 0.00E+00 2.30E-19 2.68E-19
 2170.0 4.99E-19 0.00E+00 2.30E-19 2.69E-19
 2171.3 5.00E-19 0.00E+00 2.30E-19 2.70E-19
 2172.5 4.95E-19 0.00E+00 2.28E-19 2.67E-19
 2173.8 4.84E-19 0.00E+00 2.23E-19 2.61E-19
 2175.0 4.71E-19 0.00E+00 2.17E-19 2.54E-19
 2176.3 4.71E-19 0.00E+00 2.17E-19 2.54E-19
 2177.5 4.54E-19 0.00E+00 2.09E-19 2.45E-19
 2178.8 4.45E-19 0.00E+00 2.04E-19 2.41E-19
 2180.0 4.37E-19 0.00E+00 2.01E-19 2.36E-19
 2181.3 4.17E-19 0.00E+00 1.91E-19 2.26E-19
 2182.5 4.21E-19 0.00E+00 1.93E-19 2.28E-19
 2183.8 4.20E-19 0.00E+00 1.92E-19 2.28E-19
 2185.0 4.16E-19 0.00E+00 1.90E-19 2.26E-19
 2186.3 4.27E-19 0.00E+00 1.95E-19 2.32E-19
 2187.5 4.18E-19 0.00E+00 1.91E-19 2.27E-19
 2188.8 4.16E-19 0.00E+00 1.90E-19 2.26E-19
 2190.0 3.92E-19 0.00E+00 1.79E-19 2.13E-19
 2191.3 3.85E-19 0.00E+00 1.76E-19 2.09E-19
 2192.5 3.89E-19 0.00E+00 1.77E-19 2.12E-19
 2193.8 3.79E-19 0.00E+00 1.73E-19 2.06E-19
 2195.0 3.70E-19 0.00E+00 1.69E-19 2.01E-19
 2196.3 3.78E-19 0.00E+00 1.72E-19 2.06E-19
 2197.5 3.82E-19 0.00E+00 1.74E-19 2.08E-19
 2198.8 3.91E-19 0.00E+00 1.78E-19 2.13E-19
 2200.0 3.96E-19 0.00E+00 1.80E-19 2.16E-19
 2201.3 4.09E-19 0.00E+00 1.86E-19 2.23E-19
 2202.5 4.03E-19 0.00E+00 1.83E-19 2.20E-19
 2203.8 4.18E-19 0.00E+00 1.90E-19 2.28E-19
 2205.0 4.33E-19 0.00E+00 1.96E-19 2.37E-19
 2206.3 4.56E-19 0.00E+00 2.07E-19 2.49E-19
 2207.5 4.66E-19 0.00E+00 2.11E-19 2.55E-19
 2208.8 4.83E-19 0.00E+00 2.19E-19 2.64E-19
 2210.0 4.88E-19 0.00E+00 2.21E-19 2.67E-19
 2211.3 4.87E-19 0.00E+00 2.20E-19 2.67E-19
 2212.5 4.85E-19 0.00E+00 2.19E-19 2.66E-19
 2213.8 4.79E-19 0.00E+00 2.16E-19 2.63E-19
 2215.0 4.88E-19 0.00E+00 2.20E-19 2.68E-19
 2216.3 4.85E-19 0.00E+00 2.19E-19 2.66E-19
 2217.5 4.73E-19 0.00E+00 2.13E-19 2.60E-19
 2218.8 4.79E-19 0.00E+00 2.16E-19 2.63E-19
 2220.0 4.66E-19 0.00E+00 2.10E-19 2.56E-19
 2221.3 4.55E-19 0.00E+00 2.05E-19 2.50E-19
 2222.5 4.53E-19 0.00E+00 2.04E-19 2.49E-19
 2223.8 4.27E-19 0.00E+00 1.92E-19 2.35E-19
 2225.0 4.11E-19 0.00E+00 1.84E-19 2.27E-19
 2226.3 4.17E-19 0.00E+00 1.87E-19 2.30E-19
 2227.5 4.04E-19 0.00E+00 1.81E-19 2.23E-19
 2228.8 3.92E-19 0.00E+00 1.76E-19 2.16E-19
 2230.0 3.75E-19 0.00E+00 1.68E-19 2.07E-19
 2231.3 3.56E-19 0.00E+00 1.59E-19 1.97E-19
 2232.5 3.56E-19 0.00E+00 1.59E-19 1.97E-19
 2233.8 3.50E-19 0.00E+00 1.56E-19 1.94E-19
 2235.0 3.50E-19 0.00E+00 1.56E-19 1.94E-19
 2236.3 3.42E-19 0.00E+00 1.53E-19 1.89E-19
 2237.5 3.48E-19 0.00E+00 1.55E-19 1.93E-19
 2238.8 3.47E-19 0.00E+00 1.55E-19 1.92E-19
 2240.0 3.50E-19 0.00E+00 1.56E-19 1.94E-19
 2241.3 3.58E-19 0.00E+00 1.59E-19 1.99E-19
 2242.5 3.63E-19 0.00E+00 1.61E-19 2.02E-19
 2243.8 3.62E-19 0.00E+00 1.61E-19 2.01E-19
 2245.0 3.37E-19 0.00E+00 1.50E-19 1.87E-19
 2246.3 3.41E-19 0.00E+00 1.51E-19 1.90E-19
 2247.5 3.23E-19 0.00E+00 1.43E-19 1.80E-19
 2248.8 3.26E-19 0.00E+00 1.45E-19 1.81E-19
 2250.0 3.24E-19 0.00E+00 1.44E-19 1.80E-19
 2251.3 3.16E-19 0.00E+00 1.40E-19 1.76E-19
 2252.5 3.26E-19 0.00E+00 1.44E-19 1.82E-19
 2253.8 3.43E-19 0.00E+00 1.52E-19 1.91E-19
 2255.0 3.60E-19 0.00E+00 1.59E-19 2.01E-19
 2256.3 3.74E-19 0.00E+00 1.65E-19 2.09E-19
 2257.5 4.06E-19 0.00E+00 1.79E-19 2.27E-19
 2258.8 4.21E-19 0.00E+00 1.86E-19 2.35E-19
 2260.0 4.46E-19 0.00E+00 1.97E-19 2.49E-19
 2261.3 4.67E-19 0.00E+00 2.06E-19 2.61E-19
 2262.5 4.75E-19 0.00E+00 2.09E-19 2.66E-19
 2263.8 4.65E-19 0.00E+00 2.05E-19 2.60E-19
 2265.0 4.57E-19 0.00E+00 2.01E-19 2.56E-19
 2266.3 4.38E-19 0.00E+00 1.92E-19 2.46E-19
 2267.5 4.18E-19 0.00E+00 1.84E-19 2.34E-19
 2268.8 3.95E-19 0.00E+00 1.73E-19 2.22E-19
 2270.0 3.68E-19 0.00E+00 1.61E-19 2.07E-19
 2271.3 3.51E-19 0.00E+00 1.54E-19 1.97E-19
 2272.5 3.36E-19 0.00E+00 1.47E-19 1.89E-19
 2273.8 3.15E-19 0.00E+00 1.38E-19 1.77E-19
 2275.0 3.05E-19 0.00E+00 1.33E-19 1.72E-19
 2276.3 2.81E-19 0.00E+00 1.23E-19 1.58E-19
 2277.5 2.83E-19 0.00E+00 1.24E-19 1.59E-19
 2278.8 2.86E-19 0.00E+00 1.25E-19 1.61E-19
 2280.0 2.94E-19 0.00E+00 1.28E-19 1.66E-19
 2281.3 2.90E-19 0.00E+00 1.26E-19 1.64E-19
 2282.5 2.80E-19 0.00E+00 1.22E-19 1.58E-19
 2283.8 2.98E-19 0.00E+00 1.30E-19 1.68E-19
 2285.0 2.93E-19 0.00E+00 1.27E-19 1.66E-19
 2286.3 2.86E-19 0.00E+00 1.24E-19 1.62E-19
 2287.5 2.71E-19 0.00E+00 1.18E-19 1.53E-19
 2288.8 2.73E-19 0.00E+00 1.19E-19 1.54E-19
 2290.0 2.57E-19 0.00E+00 1.12E-19 1.45E-19
 2291.3 2.50E-19 0.00E+00 1.08E-19 1.42E-19
 2292.5 2.39E-19 0.00E+00 1.04E-19 1.35E-19
 2293.8 2.26E-19 0.00E+00 9.79E-20 1.28E-19
 2295.0 2.20E-19 0.00E+00 9.52E-20 1.25E-19
 2296.3 2.20E-19 0.00E+00 9.52E-20 1.25E-19
 2297.5 2.23E-19 0.00E+00 9.64E-20 1.27E-19
 2298.8 2.24E-19 0.00E+00 9.68E-20 1.27E-19
 2300.0 2.43E-19 0.00E+00 1.05E-19 1.38E-19
 2301.3 2.47E-19 0.00E+00 1.07E-19 1.40E-19
 2302.5 2.59E-19 0.00E+00 1.12E-19 1.47E-19
 2303.8 2.69E-19 0.00E+00 1.16E-19 1.53E-19
 2305.0 2.63E-19 0.00E+00 1.13E-19 1.50E-19
 2306.3 2.81E-19 0.00E+00 1.21E-19 1.60E-19
 2307.5 2.90E-19 0.00E+00 1.25E-19 1.65E-19
 2308.8 2.92E-19 0.00E+00 1.25E-19 1.67E-19
 2310.0 3.09E-19 0.00E+00 1.33E-19 1.76E-19
 2311.3 3.05E-19 0.00E+00 1.31E-19 1.74E-19
 2312.5 3.06E-19 0.00E+00 1.31E-19 1.75E-19
 2313.8 3.01E-19 0.00E+00 1.29E-19 1.72E-19
 2315.0 2.93E-19 0.00E+00 1.25E-19 1.68E-19
 2316.3 2.81E-19 0.00E+00 1.20E-19 1.61E-19
 2317.5 2.80E-19 0.00E+00 1.20E-19 1.60E-19
 2318.8 2.65E-19 0.00E+00 1.13E-19 1.52E-19
 2320.0 2.66E-19 0.00E+00 1.14E-19 1.52E-19
 2321.3 2.57E-19 0.00E+00 1.10E-19 1.47E-19
 2322.5 2.59E-19 0.00E+00 1.10E-19 1.49E-19
 2323.8 2.67E-19 0.00E+00 1.14E-19 1.53E-19
 2325.0 2.79E-19 0.00E+00 1.19E-19 1.60E-19
 2326.3 2.77E-19 0.00E+00 1.18E-19 1.59E-19
 2327.5 2.69E-19 0.00E+00 1.14E-19 1.55E-19
 2328.8 2.57E-19 0.00E+00 1.09E-19 1.48E-19
 2330.0 2.39E-19 0.00E+00 1.02E-19 1.37E-19
 2331.3 2.27E-19 0.00E+00 9.64E-20 1.31E-19
 2332.5 2.11E-19 0.00E+00 8.95E-20 1.21E-19
 2333.8 1.91E-19 0.00E+00 8.10E-20 1.10E-19
 2335.0 1.74E-19 0.00E+00 7.37E-20 1.00E-19
 2336.3 1.59E-19 0.00E+00 6.73E-20 9.17E-20
 2337.5 1.43E-19 0.00E+00 6.05E-20 8.25E-20
 2338.8 1.37E-19 0.00E+00 5.79E-20 7.91E-20
 2340.0 1.32E-19 0.00E+00 5.58E-20 7.62E-20
 2341.3 1.29E-19 0.00E+00 5.45E-20 7.45E-20
 2342.5 1.29E-19 0.00E+00 5.44E-20 7.46E-20
 2343.8 1.26E-19 0.00E+00 5.31E-20 7.29E-20
 2345.0 1.15E-19 0.00E+00 4.85E-20 6.65E-20
 2346.3 1.04E-19 0.00E+00 4.38E-20 6.02E-20
 2347.5 1.07E-19 0.00E+00 4.50E-20 6.20E-20
 2348.8 1.26E-19 0.00E+00 5.30E-20 7.30E-20
 2350.0 1.48E-19 0.00E+00 6.22E-20 8.58E-20
 2351.3 1.52E-19 0.00E+00 6.38E-20 8.82E-20
 2352.5 1.84E-19 0.00E+00 7.72E-20 1.07E-19
 2353.8 2.08E-19 0.00E+00 8.72E-20 1.21E-19
 2355.0 2.06E-19 0.00E+00 8.63E-20 1.20E-19
 2356.3 1.93E-19 0.00E+00 8.08E-20 1.12E-19
 2357.5 1.66E-19 0.00E+00 6.95E-20 9.65E-20
 2358.8 1.56E-19 0.00E+00 6.53E-20 9.07E-20
 2360.0 1.40E-19 0.00E+00 5.85E-20 8.15E-20
 2361.3 1.31E-19 0.00E+00 5.47E-20 7.63E-20
 2362.5 1.38E-19 0.00E+00 5.76E-20 8.04E-20
 2363.8 1.47E-19 0.00E+00 6.13E-20 8.57E-20
 2365.0 1.58E-19 0.00E+00 6.59E-20 9.21E-20
 2366.3 1.56E-19 0.00E+00 6.50E-20 9.10E-20
 2367.5 1.52E-19 0.00E+00 6.33E-20 8.87E-20
 2368.8 1.48E-19 0.00E+00 6.16E-20 8.64E-20
 2370.0 1.49E-19 0.00E+00 6.19E-20 8.71E-20
 2371.3 1.54E-19 0.00E+00 6.40E-20 9.00E-20
 2372.5 1.59E-19 0.00E+00 6.60E-20 9.30E-20
 2373.8 1.70E-19 0.00E+00 7.05E-20 9.95E-20
 2375.0 1.79E-19 0.00E+00 7.42E-20 1.05E-19
 2376.3 1.81E-19 0.00E+00 7.50E-20 1.06E-19
 2377.5 1.71E-19 0.00E+00 7.08E-20 1.00E-19
 2378.8 1.59E-19 0.00E+00 6.58E-20 9.32E-20
 2380.0 1.44E-19 0.00E+00 5.95E-20 8.45E-20
 2381.3 1.27E-19 0.00E+00 5.25E-20 7.45E-20
 2382.5 1.15E-19 0.00E+00 4.75E-20 6.75E-20
 2383.8 1.06E-19 0.00E+00 4.37E-20 6.23E-20
 2385.0 9.12E-20 0.00E+00 3.76E-20 5.36E-20
 2386.3 8.81E-20 0.00E+00 3.63E-20 5.18E-20
 2387.5 7.73E-20 0.00E+00 3.18E-20 4.55E-20
 2388.8 7.06E-20 0.00E+00 2.90E-20 4.16E-20
 2390.0 8.41E-20 0.00E+00 3.46E-20 4.95E-20
 2391.3 1.14E-19 0.00E+00 4.68E-20 6.72E-20
 2392.5 1.21E-19 0.00E+00 4.97E-20 7.13E-20
 2393.8 1.21E-19 0.00E+00 4.96E-20 7.14E-20
 2395.0 1.05E-19 0.00E+00 4.31E-20 6.19E-20
 2396.3 9.71E-20 0.00E+00 3.98E-20 5.73E-20
 2397.5 8.78E-20 0.00E+00 3.60E-20 5.18E-20
 2398.8 7.48E-20 0.00E+00 3.06E-20 4.42E-20
 2400.0 6.70E-20 0.00E+00 2.74E-20 3.96E-20
 2401.3 5.51E-20 0.00E+00 2.25E-20 3.26E-20
 2402.5 5.76E-20 0.00E+00 2.35E-20 3.41E-20
 2403.8 4.73E-20 0.00E+00 1.93E-20 2.80E-20
 2405.0 3.72E-20 0.00E+00 1.52E-20 2.20E-20
 2406.3 2.60E-20 0.00E+00 1.06E-20 1.54E-20
 2407.5 3.01E-20 0.00E+00 1.23E-20 1.78E-20
 2408.8 2.68E-20 0.00E+00 1.09E-20 1.59E-20
 2410.0 2.64E-20 0.00E+00 1.07E-20 1.57E-20
 2411.3 1.93E-20 0.00E+00 7.84E-21 1.15E-20
 2412.5 1.41E-20 0.00E+00 5.73E-21 8.37E-21
 2413.8 2.53E-20 0.00E+00 1.03E-20 1.50E-20
 2415.0 1.37E-20 0.00E+00 5.55E-21 8.15E-21
 2416.3 2.98E-20 0.00E+00 1.21E-20 1.77E-20
 2417.5 2.64E-20 0.00E+00 1.07E-20 1.57E-20
 2418.8 4.06E-20 0.00E+00 1.64E-20 2.42E-20
 2420.0 7.44E-20 0.00E+00 3.01E-20 4.43E-20
 2421.3 1.16E-19 0.00E+00 4.69E-20 6.91E-20
 2422.5 1.41E-19 0.00E+00 5.69E-20 8.41E-20
 2423.8 1.45E-19 0.00E+00 5.85E-20 8.65E-20
 2425.0 1.20E-19 0.00E+00 4.84E-20 7.16E-20
 2426.3 1.06E-19 0.00E+00 4.27E-20 6.33E-20
 2427.5 8.33E-20 0.00E+00 3.35E-20 4.98E-20
 2428.8 6.77E-20 0.00E+00 2.72E-20 4.05E-20
 2430.0 6.18E-20 0.00E+00 2.48E-20 3.70E-20
 2431.3 6.29E-20 0.00E+00 2.53E-20 3.76E-20
 2432.5 6.70E-20 0.00E+00 2.69E-20 4.01E-20
 2433.8 5.40E-20 0.00E+00 2.17E-20 3.23E-20
 2435.0 4.95E-20 0.00E+00 1.98E-20 2.97E-20
 2436.3 3.83E-20 0.00E+00 1.53E-20 2.30E-20
 2437.5 3.72E-20 0.00E+00 1.49E-20 2.23E-20
 2438.8 3.16E-20 0.00E+00 1.26E-20 1.90E-20
 2440.0 2.57E-20 0.00E+00 0.00E+00 2.57E-20
 2441.3 2.20E-20 0.00E+00 0.00E+00 2.20E-20
 2442.5 2.57E-20 0.00E+00 0.00E+00 2.57E-20
 2443.8 2.35E-20 0.00E+00 0.00E+00 2.35E-20
 2445.0 1.79E-20 0.00E+00 0.00E+00 1.79E-20
 2446.3 2.42E-20 0.00E+00 0.00E+00 2.42E-20
 2447.5 3.83E-20 0.00E+00 0.00E+00 3.83E-20
 2448.8 5.09E-20 0.00E+00 0.00E+00 5.09E-20
 2450.0 4.35E-20 0.00E+00 0.00E+00 4.35E-20
 2451.3 3.79E-20 0.00E+00 0.00E+00 3.79E-20
 2452.5 2.64E-20 0.00E+00 0.00E+00 2.64E-20
 2453.8 3.12E-20 0.00E+00 0.00E+00 3.12E-20
 2455.0 2.20E-20 0.00E+00 0.00E+00 2.20E-20
 2456.3 1.71E-20 0.00E+00 0.00E+00 1.71E-20
 2457.5 2.04E-20 0.00E+00 0.00E+00 2.04E-20
 2458.8 2.60E-20 0.00E+00 0.00E+00 2.60E-20
 2460.0 4.35E-20 0.00E+00 0.00E+00 4.35E-20
 2461.3 4.06E-20 0.00E+00 0.00E+00 4.06E-20
 2462.5 3.27E-20 0.00E+00 0.00E+00 3.27E-20
 2463.8 2.87E-20 0.00E+00 0.00E+00 2.87E-20
 2465.0 3.05E-20 0.00E+00 0.00E+00 3.05E-20
 2466.3 2.20E-20 0.00E+00 0.00E+00 2.20E-20
 2467.5 1.86E-20 0.00E+00 0.00E+00 1.86E-20
 2468.8 2.01E-20 0.00E+00 0.00E+00 2.01E-20
 2470.0 1.82E-20 0.00E+00 0.00E+00 1.82E-20
 2471.3 1.60E-20 0.00E+00 0.00E+00 1.60E-20
 2472.5 1.26E-20 0.00E+00 0.00E+00 1.26E-20
 2473.8 1.48E-20 0.00E+00 0.00E+00 1.48E-20
 2475.0 1.86E-20 0.00E+00 0.00E+00 1.86E-20
 2476.3 1.45E-20 0.00E+00 0.00E+00 1.45E-20
 2477.5 1.19E-20 0.00E+00 0.00E+00 1.19E-20
 2478.8 9.71E-21 0.00E+00 0.00E+00 9.71E-21
 2480.0 7.82E-21 0.00E+00 0.00E+00 7.82E-21
 2481.3 1.01E-20 0.00E+00 0.00E+00 1.01E-20
 2482.5 1.45E-20 0.00E+00 0.00E+00 1.45E-20
 2483.8 1.01E-20 0.00E+00 0.00E+00 1.01E-20
 2485.0 1.45E-20 0.00E+00 0.00E+00 1.45E-20
 2486.3 1.41E-20 0.00E+00 0.00E+00 1.41E-20
 2487.5 1.45E-20 0.00E+00 0.00E+00 1.45E-20
 2488.8 8.56E-21 0.00E+00 0.00E+00 8.56E-21
 2490.0 1.37E-20 0.00E+00 0.00E+00 1.37E-20
 2491.3 3.90E-20 0.00E+00 0.00E+00 3.90E-20
 2492.5 6.73E-20 0.00E+00 0.00E+00 6.73E-20
 2493.8 5.65E-20 0.00E+00 0.00E+00 5.65E-20
 2495.0 4.06E-20 0.00E+00 0.00E+00 4.06E-20
 2496.3 3.50E-20 0.00E+00 0.00E+00 3.50E-20
 2497.5 2.98E-20 0.00E+00 0.00E+00 2.98E-20
 2498.8 1.64E-20 0.00E+00 0.00E+00 1.64E-20
 2500.0 2.83E-20 0.00E+00 0.00E+00 2.83E-20
 2501.3 1.41E-20 0.00E+00 0.00E+00 1.41E-20
 2502.5 1.86E-20 0.00E+00 0.00E+00 1.86E-20
 2503.8 1.64E-20 0.00E+00 0.00E+00 1.64E-20
 2505.0 1.48E-20 0.00E+00 0.00E+00 1.48E-20
 2506.3 1.41E-20 0.00E+00 0.00E+00 1.41E-20
 2507.5 1.23E-20 0.00E+00 0.00E+00 1.23E-20
 2508.8 1.41E-20 0.00E+00 0.00E+00 1.41E-20
 2510.0 1.37E-20 0.00E+00 0.00E+00 1.37E-20
 2511.3 1.15E-20 0.00E+00 0.00E+00 1.15E-20
 2512.5 1.26E-20 0.00E+00 0.00E+00 1.26E-20
 2513.8 1.48E-20 0.00E+00 0.00E+00 1.48E-20
 2515.0 1.12E-20 0.00E+00 0.00E+00 1.12E-20
 2516.3 7.06E-21 0.00E+00 0.00E+00 7.06E-21
 2517.5 1.30E-20 0.00E+00 0.00E+00 1.30E-20
 2518.8 1.37E-20 0.00E+00 0.00E+00 1.37E-20
 2520.0 8.92E-21 0.00E+00 0.00E+00 8.92E-21
 2521.3 8.56E-21 0.00E+00 0.00E+00 8.56E-21
 2522.5 1.23E-20 0.00E+00 0.00E+00 1.23E-20
 2523.8 1.57E-20 0.00E+00 0.00E+00 1.57E-20
 2525.0 1.57E-20 0.00E+00 0.00E+00 1.57E-20
 2526.3 1.64E-20 0.00E+00 0.00E+00 1.64E-20
 2527.5 1.23E-20 0.00E+00 0.00E+00 1.23E-20
 2528.8 1.75E-20 0.00E+00 0.00E+00 1.75E-20
 2530.0 2.20E-20 0.00E+00 0.00E+00 2.20E-20
 2531.3 1.19E-20 0.00E+00 0.00E+00 1.19E-20
 2532.5 1.34E-20 0.00E+00 0.00E+00 1.34E-20
 2533.8 1.45E-20 0.00E+00 0.00E+00 1.45E-20
 2535.0 1.41E-20 0.00E+00 0.00E+00 1.41E-20
 2536.3 6.70E-21 0.00E+00 0.00E+00 6.70E-21
 2537.5 1.45E-20 0.00E+00 0.00E+00 1.45E-20
 2538.8 2.01E-20 0.00E+00 0.00E+00 2.01E-20
 2540.0 2.08E-20 0.00E+00 0.00E+00 2.08E-20
 2541.3 1.48E-20 0.00E+00 0.00E+00 1.48E-20
 2542.5 1.75E-20 0.00E+00 0.00E+00 1.75E-20
 2543.8 1.04E-20 0.00E+00 0.00E+00 1.04E-20
 2545.0 1.45E-20 0.00E+00 0.00E+00 1.45E-20
 2546.3 1.57E-20 0.00E+00 0.00E+00 1.57E-20
 2547.5 2.08E-20 0.00E+00 0.00E+00 2.08E-20
 2548.8 1.30E-20 0.00E+00 0.00E+00 1.30E-20
 2550.0 1.45E-20 0.00E+00 0.00E+00 1.45E-20
 2551.3 8.92E-21 0.00E+00 0.00E+00 8.92E-21
 2552.5 1.68E-20 0.00E+00 0.00E+00 1.68E-20
 2553.8 1.48E-20 0.00E+00 0.00E+00 1.48E-20
 2555.0 1.71E-20 0.00E+00 0.00E+00 1.71E-20
 2556.3 1.19E-20 0.00E+00 0.00E+00 1.19E-20
 2557.5 1.41E-20 0.00E+00 0.00E+00 1.41E-20
 2558.8 1.52E-20 0.00E+00 0.00E+00 1.52E-20
 2560.0 1.08E-20 0.00E+00 0.00E+00 1.08E-20
 2561.3 2.08E-20 0.00E+00 0.00E+00 2.08E-20
 2562.5 1.75E-20 0.00E+00 0.00E+00 1.75E-20
 2563.8 1.48E-20 0.00E+00 0.00E+00 1.48E-20
 2565.0 2.04E-20 0.00E+00 0.00E+00 2.04E-20
 2566.3 1.57E-20 0.00E+00 0.00E+00 1.57E-20
 2567.5 9.71E-21 0.00E+00 0.00E+00 9.71E-21
 2568.8 1.08E-20 0.00E+00 0.00E+00 1.08E-20
 2570.0 1.34E-20 0.00E+00 0.00E+00 1.34E-20
 2571.3 1.30E-20 0.00E+00 0.00E+00 1.30E-20
 2572.5 1.79E-20 0.00E+00 0.00E+00 1.79E-20
 2573.8 1.41E-20 0.00E+00 0.00E+00 1.41E-20
 2575.0 1.01E-20 0.00E+00 0.00E+00 1.01E-20
 2576.3 1.15E-20 0.00E+00 0.00E+00 1.15E-20
 2577.5 1.52E-20 0.00E+00 0.00E+00 1.52E-20
 2578.8 1.71E-20 0.00E+00 0.00E+00 1.71E-20
 2580.0 1.64E-20 0.00E+00 0.00E+00 1.64E-20
 2581.3 1.79E-20 0.00E+00 0.00E+00 1.79E-20
 2582.5 1.57E-20 0.00E+00 0.00E+00 1.57E-20
 2583.8 1.48E-20 0.00E+00 0.00E+00 1.48E-20
 2585.0 2.15E-20 0.00E+00 0.00E+00 2.15E-20
 2586.3 1.57E-20 0.00E+00 0.00E+00 1.57E-20
 2587.5 2.35E-20 0.00E+00 0.00E+00 2.35E-20
 2588.8 1.12E-20 0.00E+00 0.00E+00 1.12E-20
 2590.0 1.90E-20 0.00E+00 0.00E+00 1.90E-20
 2591.3 1.75E-20 0.00E+00 0.00E+00 1.75E-20
 2592.5 1.41E-20 0.00E+00 0.00E+00 1.41E-20
 2593.8 2.08E-20 0.00E+00 0.00E+00 2.08E-20
 2595.0 1.37E-20 0.00E+00 0.00E+00 1.37E-20
 2596.3 2.27E-20 0.00E+00 0.00E+00 2.27E-20
 2597.5 2.04E-20 0.00E+00 0.00E+00 2.04E-20
 2598.8 1.75E-20 0.00E+00 0.00E+00 1.75E-20
 2600.0 1.90E-20 0.00E+00 0.00E+00 1.90E-20
 2601.3 1.71E-20 0.00E+00 0.00E+00 1.71E-20
 2602.5 1.90E-20 0.00E+00 0.00E+00 1.90E-20
 2603.8 1.41E-20 0.00E+00 0.00E+00 1.41E-20
 2605.0 1.52E-20 0.00E+00 0.00E+00 1.52E-20
 2606.3 1.60E-20 0.00E+00 0.00E+00 1.60E-20
 2607.5 1.71E-20 0.00E+00 0.00E+00 1.71E-20
 2608.8 1.93E-20 0.00E+00 0.00E+00 1.93E-20
 2610.0 1.64E-20 0.00E+00 0.00E+00 1.64E-20
 2611.3 1.52E-20 0.00E+00 0.00E+00 1.52E-20
 2612.5 1.41E-20 0.00E+00 0.00E+00 1.41E-20
 2613.8 1.52E-20 0.00E+00 0.00E+00 1.52E-20
 2615.0 1.97E-20 0.00E+00 0.00E+00 1.97E-20
 2616.3 1.57E-20 0.00E+00 0.00E+00 1.57E-20
 2617.5 1.45E-20 0.00E+00 0.00E+00 1.45E-20
 2618.8 2.01E-20 0.00E+00 0.00E+00 2.01E-20
 2620.0 2.04E-20 0.00E+00 0.00E+00 2.04E-20
 2621.3 1.79E-20 0.00E+00 0.00E+00 1.79E-20
 2622.5 1.97E-20 0.00E+00 0.00E+00 1.97E-20
 2623.8 2.01E-20 0.00E+00 0.00E+00 2.01E-20
 2625.0 1.68E-20 0.00E+00 0.00E+00 1.68E-20
 2626.3 2.12E-20 0.00E+00 0.00E+00 2.12E-20
 2627.5 1.68E-20 0.00E+00 0.00E+00 1.68E-20
 2628.8 2.01E-20 0.00E+00 0.00E+00 2.01E-20
 2630.0 2.24E-20 0.00E+00 0.00E+00 2.24E-20
 2631.3 2.42E-20 0.00E+00 0.00E+00 2.42E-20
 2632.5 2.35E-20 0.00E+00 0.00E+00 2.35E-20
 2633.8 2.04E-20 0.00E+00 0.00E+00 2.04E-20
 2635.0 1.86E-20 0.00E+00 0.00E+00 1.86E-20
 2636.3 2.04E-20 0.00E+00 0.00E+00 2.04E-20
 2637.5 1.75E-20 0.00E+00 0.00E+00 1.75E-20
 2638.8 1.93E-20 0.00E+00 0.00E+00 1.93E-20
 2640.0 2.08E-20 0.00E+00 0.00E+00 2.08E-20
 2641.3 2.12E-20 0.00E+00 0.00E+00 2.12E-20
 2642.5 1.82E-20 0.00E+00 0.00E+00 1.82E-20
 2643.8 2.38E-20 0.00E+00 0.00E+00 2.38E-20
 2645.0 1.82E-20 0.00E+00 0.00E+00 1.82E-20
 2646.3 2.57E-20 0.00E+00 0.00E+00 2.57E-20
 2647.5 2.27E-20 0.00E+00 0.00E+00 2.27E-20
 2648.8 2.35E-20 0.00E+00 0.00E+00 2.35E-20
 2650.0 2.04E-20 0.00E+00 0.00E+00 2.04E-20
 2651.3 2.46E-20 0.00E+00 0.00E+00 2.46E-20
 2652.5 2.68E-20 0.00E+00 0.00E+00 2.68E-20
 2653.8 2.46E-20 0.00E+00 0.00E+00 2.46E-20
 2655.0 2.49E-20 0.00E+00 0.00E+00 2.49E-20
 2656.3 2.24E-20 0.00E+00 0.00E+00 2.24E-20
 2657.5 2.35E-20 0.00E+00 0.00E+00 2.35E-20
 2658.8 2.27E-20 0.00E+00 0.00E+00 2.27E-20
 2660.0 2.38E-20 0.00E+00 0.00E+00 2.38E-20
 2661.3 2.15E-20 0.00E+00 0.00E+00 2.15E-20
 2662.5 1.86E-20 0.00E+00 0.00E+00 1.86E-20
 2663.8 2.08E-20 0.00E+00 0.00E+00 2.08E-20
 2665.0 2.24E-20 0.00E+00 0.00E+00 2.24E-20
 2666.3 1.97E-20 0.00E+00 0.00E+00 1.97E-20
 2667.5 2.20E-20 0.00E+00 0.00E+00 2.20E-20
 2668.8 2.57E-20 0.00E+00 0.00E+00 2.57E-20
 2670.0 2.42E-20 0.00E+00 0.00E+00 2.42E-20
 2671.3 2.53E-20 0.00E+00 0.00E+00 2.53E-20
 2672.5 2.49E-20 0.00E+00 0.00E+00 2.49E-20
 2673.8 2.79E-20 0.00E+00 0.00E+00 2.79E-20
 2675.0 2.42E-20 0.00E+00 0.00E+00 2.42E-20
 2676.3 2.38E-20 0.00E+00 0.00E+00 2.38E-20
 2677.5 2.53E-20 0.00E+00 0.00E+00 2.53E-20
 2678.8 2.49E-20 0.00E+00 0.00E+00 2.49E-20
 2680.0 2.38E-20 0.00E+00 0.00E+00 2.38E-20
 2681.3 2.35E-20 0.00E+00 0.00E+00 2.35E-20
 2682.5 2.64E-20 0.00E+00 0.00E+00 2.64E-20
 2683.8 2.79E-20 0.00E+00 0.00E+00 2.79E-20
 2685.0 2.79E-20 0.00E+00 0.00E+00 2.79E-20
 2686.3 2.79E-20 0.00E+00 0.00E+00 2.79E-20
 2687.5 2.87E-20 0.00E+00 0.00E+00 2.87E-20
 2688.8 2.68E-20 0.00E+00 0.00E+00 2.68E-20
 2690.0 2.79E-20 0.00E+00 0.00E+00 2.79E-20
 2691.3 3.12E-20 0.00E+00 0.00E+00 3.12E-20
 2692.5 3.01E-20 0.00E+00 0.00E+00 3.01E-20
 2693.8 2.98E-20 0.00E+00 0.00E+00 2.98E-20
 2695.0 2.87E-20 0.00E+00 0.00E+00 2.87E-20
 2696.3 2.98E-20 0.00E+00 0.00E+00 2.98E-20
 2697.5 2.90E-20 0.00E+00 0.00E+00 2.90E-20
 2698.8 3.05E-20 0.00E+00 0.00E+00 3.05E-20
 2700.0 3.12E-20 0.00E+00 0.00E+00 3.12E-20
 2701.3 3.12E-20 0.00E+00 0.00E+00 3.12E-20
 2702.5 2.98E-20 0.00E+00 0.00E+00 2.98E-20
 2703.8 3.16E-20 0.00E+00 0.00E+00 3.16E-20
 2705.0 2.98E-20 0.00E+00 0.00E+00 2.98E-20
 2706.3 3.05E-20 0.00E+00 0.00E+00 3.05E-20
 2707.5 2.98E-20 0.00E+00 0.00E+00 2.98E-20
 2708.8 2.71E-20 0.00E+00 0.00E+00 2.71E-20
 2710.0 3.05E-20 0.00E+00 0.00E+00 3.05E-20
 2711.3 3.16E-20 0.00E+00 0.00E+00 3.16E-20
 2712.5 3.12E-20 0.00E+00 0.00E+00 3.12E-20
 2713.8 2.83E-20 0.00E+00 0.00E+00 2.83E-20
 2715.0 2.83E-20 0.00E+00 0.00E+00 2.83E-20
 2716.3 2.90E-20 0.00E+00 0.00E+00 2.90E-20
 2717.5 2.90E-20 0.00E+00 0.00E+00 2.90E-20
 2718.8 3.01E-20 0.00E+00 0.00E+00 3.01E-20
 2720.0 3.09E-20 0.00E+00 0.00E+00 3.09E-20
 2721.3 3.16E-20 0.00E+00 0.00E+00 3.16E-20
 2722.5 2.94E-20 0.00E+00 0.00E+00 2.94E-20
 2723.8 3.43E-20 0.00E+00 0.00E+00 3.43E-20
 2725.0 3.20E-20 0.00E+00 0.00E+00 3.20E-20
 2726.3 3.31E-20 0.00E+00 0.00E+00 3.31E-20
 2727.5 3.31E-20 0.00E+00 0.00E+00 3.31E-20
 2728.8 3.72E-20 0.00E+00 0.00E+00 3.72E-20
 2730.0 3.79E-20 0.00E+00 0.00E+00 3.79E-20
 2731.3 3.68E-20 0.00E+00 0.00E+00 3.68E-20
 2732.5 3.65E-20 0.00E+00 0.00E+00 3.65E-20
 2733.8 3.79E-20 0.00E+00 0.00E+00 3.79E-20
 2735.0 3.72E-20 0.00E+00 0.00E+00 3.72E-20
 2736.3 3.65E-20 0.00E+00 0.00E+00 3.65E-20
 2737.5 3.79E-20 0.00E+00 0.00E+00 3.79E-20
 2738.8 3.90E-20 0.00E+00 0.00E+00 3.90E-20
 2740.0 3.65E-20 0.00E+00 0.00E+00 3.65E-20
 2741.3 3.90E-20 0.00E+00 0.00E+00 3.90E-20
 2742.5 4.01E-20 0.00E+00 0.00E+00 4.01E-20
 2743.8 4.01E-20 0.00E+00 0.00E+00 4.01E-20
 2745.0 3.83E-20 0.00E+00 0.00E+00 3.83E-20
 2746.3 4.01E-20 0.00E+00 0.00E+00 4.01E-20
 2747.5 3.83E-20 0.00E+00 0.00E+00 3.83E-20
 2748.8 4.21E-20 0.00E+00 0.00E+00 4.21E-20
 2750.0 4.01E-20 0.00E+00 0.00E+00 4.01E-20
 2751.3 4.06E-20 0.00E+00 0.00E+00 4.06E-20
 2752.5 4.06E-20 0.00E+00 0.00E+00 4.06E-20
 2753.8 4.01E-20 0.00E+00 0.00E+00 4.01E-20
 2755.0 4.13E-20 0.00E+00 0.00E+00 4.13E-20
 2756.3 4.10E-20 0.00E+00 0.00E+00 4.10E-20
 2757.5 3.98E-20 0.00E+00 0.00E+00 3.98E-20
 2758.8 3.94E-20 0.00E+00 0.00E+00 3.94E-20
 2760.0 3.94E-20 0.00E+00 0.00E+00 3.94E-20
 2761.3 3.98E-20 0.00E+00 0.00E+00 3.98E-20
 2762.5 4.13E-20 0.00E+00 0.00E+00 4.13E-20
 2763.8 4.10E-20 0.00E+00 0.00E+00 4.10E-20
 2765.0 4.17E-20 0.00E+00 0.00E+00 4.17E-20
 2766.3 4.24E-20 0.00E+00 0.00E+00 4.24E-20
 2767.5 4.10E-20 0.00E+00 0.00E+00 4.10E-20
 2768.8 4.43E-20 0.00E+00 0.00E+00 4.43E-20
 2770.0 4.24E-20 0.00E+00 0.00E+00 4.24E-20
 2771.3 4.28E-20 0.00E+00 0.00E+00 4.28E-20
 2772.5 4.21E-20 0.00E+00 0.00E+00 4.21E-20
 2773.8 4.43E-20 0.00E+00 0.00E+00 4.43E-20
 2775.0 4.28E-20 0.00E+00 0.00E+00 4.28E-20
 2776.3 4.28E-20 0.00E+00 0.00E+00 4.28E-20
 2777.5 4.57E-20 0.00E+00 0.00E+00 4.57E-20
 2778.8 4.46E-20 0.00E+00 0.00E+00 4.46E-20
 2780.0 4.80E-20 0.00E+00 0.00E+00 4.80E-20
 2781.3 4.69E-20 0.00E+00 0.00E+00 4.69E-20
 2782.5 4.87E-20 0.00E+00 0.00E+00 4.87E-20
 2783.8 4.61E-20 0.00E+00 0.00E+00 4.61E-20
 2785.0 4.87E-20 0.00E+00 0.00E+00 4.87E-20
 2786.3 4.80E-20 0.00E+00 0.00E+00 4.80E-20
 2787.5 4.76E-20 0.00E+00 0.00E+00 4.76E-20
 2788.8 5.20E-20 0.00E+00 0.00E+00 5.20E-20
 2790.0 5.02E-20 0.00E+00 0.00E+00 5.02E-20
 2791.3 4.91E-20 0.00E+00 0.00E+00 4.91E-20
 2792.5 5.24E-20 0.00E+00 0.00E+00 5.24E-20
 2793.8 5.51E-20 0.00E+00 0.00E+00 5.51E-20
 2795.0 5.58E-20 0.00E+00 0.00E+00 5.58E-20
 2796.3 5.47E-20 0.00E+00 0.00E+00 5.47E-20
 2797.5 5.76E-20 0.00E+00 0.00E+00 5.76E-20
 2798.8 5.51E-20 0.00E+00 0.00E+00 5.51E-20
 2800.0 5.54E-20 0.00E+00 0.00E+00 5.54E-20
 2801.3 5.24E-20 0.00E+00 0.00E+00 5.24E-20
 2802.5 5.54E-20 0.00E+00 0.00E+00 5.54E-20
 2803.8 5.29E-20 0.00E+00 0.00E+00 5.29E-20
 2805.0 5.32E-20 0.00E+00 0.00E+00 5.32E-20
 2806.3 5.47E-20 0.00E+00 0.00E+00 5.47E-20
 2807.5 5.29E-20 0.00E+00 0.00E+00 5.29E-20
 2808.8 5.36E-20 0.00E+00 0.00E+00 5.36E-20
 2810.0 5.58E-20 0.00E+00 0.00E+00 5.58E-20
 2811.3 5.51E-20 0.00E+00 0.00E+00 5.51E-20
 2812.5 5.65E-20 0.00E+00 0.00E+00 5.65E-20
 2813.8 5.65E-20 0.00E+00 0.00E+00 5.65E-20
 2815.0 5.92E-20 0.00E+00 0.00E+00 5.92E-20
 2816.3 5.76E-20 0.00E+00 0.00E+00 5.76E-20
 2817.5 5.65E-20 0.00E+00 0.00E+00 5.65E-20
 2818.8 5.47E-20 0.00E+00 0.00E+00 5.47E-20
 2820.0 5.36E-20 0.00E+00 0.00E+00 5.36E-20
 2821.3 5.24E-20 0.00E+00 0.00E+00 5.24E-20
 2822.5 5.54E-20 0.00E+00 0.00E+00 5.54E-20
 2823.8 5.47E-20 0.00E+00 0.00E+00 5.47E-20
 2825.0 5.32E-20 0.00E+00 0.00E+00 5.32E-20
 2826.3 5.32E-20 0.00E+00 0.00E+00 5.32E-20
 2827.5 5.54E-20 0.00E+00 0.00E+00 5.54E-20
 2828.8 5.40E-20 0.00E+00 0.00E+00 5.40E-20
 2830.0 5.58E-20 0.00E+00 0.00E+00 5.58E-20
 2831.3 5.73E-20 0.00E+00 0.00E+00 5.73E-20
 2832.5 5.96E-20 0.00E+00 0.00E+00 5.96E-20
 2833.8 5.96E-20 0.00E+00 0.00E+00 5.96E-20
 2835.0 6.14E-20 0.00E+00 0.00E+00 6.14E-20
 2836.3 6.40E-20 0.00E+00 0.00E+00 6.40E-20
 2837.5 6.21E-20 0.00E+00 0.00E+00 6.21E-20
 2838.8 7.59E-20 0.00E+00 0.00E+00 7.59E-20
 2840.0 6.25E-20 0.00E+00 0.00E+00 6.25E-20
 2841.3 6.59E-20 0.00E+00 0.00E+00 6.59E-20
 2842.5 6.55E-20 0.00E+00 0.00E+00 6.55E-20
 2843.8 6.73E-20 0.00E+00 0.00E+00 6.73E-20
 2845.0 6.77E-20 0.00E+00 0.00E+00 6.77E-20
 2846.3 6.81E-20 0.00E+00 0.00E+00 6.81E-20
 2847.5 6.88E-20 0.00E+00 0.00E+00 6.88E-20
 2848.8 6.99E-20 0.00E+00 0.00E+00 6.99E-20
 2850.0 6.99E-20 0.00E+00 0.00E+00 6.99E-20
 2851.3 6.92E-20 0.00E+00 0.00E+00 6.92E-20
 2852.5 7.22E-20 0.00E+00 0.00E+00 7.22E-20
 2853.8 7.10E-20 0.00E+00 0.00E+00 7.10E-20
 2855.0 7.26E-20 0.00E+00 0.00E+00 7.26E-20
 2856.3 7.33E-20 0.00E+00 0.00E+00 7.33E-20
 2857.5 7.26E-20 0.00E+00 0.00E+00 7.26E-20
 2858.8 7.48E-20 0.00E+00 0.00E+00 7.48E-20
 2860.0 7.29E-20 0.00E+00 0.00E+00 7.29E-20
 2861.3 7.62E-20 0.00E+00 0.00E+00 7.62E-20
 2862.5 7.62E-20 0.00E+00 0.00E+00 7.62E-20
 2863.8 7.66E-20 0.00E+00 0.00E+00 7.66E-20
 2865.0 7.51E-20 0.00E+00 0.00E+00 7.51E-20
 2866.3 7.37E-20 0.00E+00 0.00E+00 7.37E-20
 2867.5 7.44E-20 0.00E+00 0.00E+00 7.44E-20
 2868.8 7.33E-20 0.00E+00 0.00E+00 7.33E-20
 2870.0 7.37E-20 0.00E+00 0.00E+00 7.37E-20
 2871.3 7.18E-20 0.00E+00 0.00E+00 7.18E-20
 2872.5 7.18E-20 0.00E+00 0.00E+00 7.18E-20
 2873.8 7.48E-20 0.00E+00 0.00E+00 7.48E-20
 2875.0 7.37E-20 0.00E+00 0.00E+00 7.37E-20
 2876.3 7.37E-20 0.00E+00 0.00E+00 7.37E-20
 2877.5 7.26E-20 0.00E+00 0.00E+00 7.26E-20
 2878.8 7.44E-20 0.00E+00 0.00E+00 7.44E-20
 2880.0 7.66E-20 0.00E+00 0.00E+00 7.66E-20
 2881.3 7.62E-20 0.00E+00 0.00E+00 7.62E-20
 2882.5 7.48E-20 0.00E+00 0.00E+00 7.48E-20
 2883.8 7.51E-20 0.00E+00 0.00E+00 7.51E-20
 2885.0 7.55E-20 0.00E+00 0.00E+00 7.55E-20
 2886.3 7.59E-20 0.00E+00 0.00E+00 7.59E-20
 2887.5 7.70E-20 0.00E+00 0.00E+00 7.70E-20
 2888.8 7.82E-20 0.00E+00 0.00E+00 7.82E-20
 2890.0 7.89E-20 0.00E+00 0.00E+00 7.89E-20
 2891.3 8.11E-20 0.00E+00 0.00E+00 8.11E-20
 2892.5 8.04E-20 0.00E+00 0.00E+00 8.04E-20
 2893.8 8.11E-20 0.00E+00 0.00E+00 8.11E-20
 2895.0 8.29E-20 0.00E+00 0.00E+00 8.29E-20
 2896.3 8.26E-20 0.00E+00 0.00E+00 8.26E-20
 2897.5 8.22E-20 0.00E+00 0.00E+00 8.22E-20
 2898.8 8.56E-20 0.00E+00 0.00E+00 8.56E-20
 2900.0 8.18E-20 0.00E+00 0.00E+00 8.18E-20
 2901.3 7.93E-20 0.00E+00 0.00E+00 7.93E-20
 2902.5 8.07E-20 0.00E+00 0.00E+00 8.07E-20
 2903.8 8.07E-20 0.00E+00 0.00E+00 8.07E-20
 2905.0 8.00E-20 0.00E+00 0.00E+00 8.00E-20
 2906.3 9.12E-20 0.00E+00 0.00E+00 9.12E-20
 2907.5 9.25E-20 0.00E+00 0.00E+00 9.25E-20
 2908.8 7.82E-20 0.00E+00 0.00E+00 7.82E-20
 2910.0 9.90E-20 0.00E+00 0.00E+00 9.90E-20
 2911.3 8.81E-20 0.00E+00 0.00E+00 8.81E-20
 2912.5 1.04E-19 0.00E+00 0.00E+00 1.04E-19
 2913.8 9.44E-20 0.00E+00 0.00E+00 9.44E-20
 2915.0 1.05E-19 0.00E+00 0.00E+00 1.05E-19
 2916.3 1.11E-19 0.00E+00 0.00E+00 1.11E-19
 2917.5 1.06E-19 0.00E+00 0.00E+00 1.06E-19
 2918.8 1.04E-19 0.00E+00 0.00E+00 1.04E-19
 2920.0 9.35E-20 0.00E+00 0.00E+00 9.35E-20
 2921.3 9.99E-20 0.00E+00 0.00E+00 9.99E-20
 2922.5 9.35E-20 0.00E+00 0.00E+00 9.35E-20
 2923.8 9.35E-20 0.00E+00 0.00E+00 9.35E-20
 2925.0 1.05E-19 0.00E+00 0.00E+00 1.05E-19
 2926.3 9.99E-20 0.00E+00 0.00E+00 9.99E-20
 2927.5 9.04E-20 0.00E+00 0.00E+00 9.04E-20
 2928.8 1.05E-19 0.00E+00 0.00E+00 1.05E-19
 2930.0 9.71E-20 0.00E+00 0.00E+00 9.71E-20
 2931.3 1.06E-19 0.00E+00 0.00E+00 1.06E-19
 2932.5 9.80E-20 0.00E+00 0.00E+00 9.80E-20
 2933.8 9.25E-20 0.00E+00 0.00E+00 9.25E-20
 2935.0 8.70E-20 0.00E+00 0.00E+00 8.70E-20
 2936.3 8.67E-20 0.00E+00 0.00E+00 8.67E-20
 2937.5 9.15E-20 0.00E+00 0.00E+00 9.15E-20
 2938.8 9.62E-20 0.00E+00 0.00E+00 9.62E-20
 2940.0 9.53E-20 0.00E+00 0.00E+00 9.53E-20
 2941.3 8.85E-20 0.00E+00 0.00E+00 8.85E-20
 2942.5 9.71E-20 0.00E+00 0.00E+00 9.71E-20
 2943.8 9.35E-20 0.00E+00 0.00E+00 9.35E-20
 2945.0 9.71E-20 0.00E+00 0.00E+00 9.71E-20
 2946.3 9.71E-20 0.00E+00 0.00E+00 9.71E-20
 2947.5 9.90E-20 0.00E+00 0.00E+00 9.90E-20
 2948.8 9.71E-20 0.00E+00 0.00E+00 9.71E-20
 2950.0 9.71E-20 0.00E+00 0.00E+00 9.71E-20
 2951.3 1.01E-19 0.00E+00 0.00E+00 1.01E-19
 2952.5 9.80E-20 0.00E+00 0.00E+00 9.80E-20
 2953.8 1.05E-19 0.00E+00 0.00E+00 1.05E-19
 2955.0 9.35E-20 0.00E+00 0.00E+00 9.35E-20
 2956.3 9.15E-20 0.00E+00 0.00E+00 9.15E-20
 2957.5 8.89E-20 0.00E+00 0.00E+00 8.89E-20
 2958.8 9.62E-20 0.00E+00 0.00E+00 9.62E-20
 2960.0 9.35E-20 0.00E+00 0.00E+00 9.35E-20
 2961.3 1.01E-19 0.00E+00 0.00E+00 1.01E-19
 2962.5 9.44E-20 0.00E+00 0.00E+00 9.44E-20
 2963.8 1.11E-19 0.00E+00 0.00E+00 1.11E-19
 2965.0 1.12E-19 0.00E+00 0.00E+00 1.12E-19
 2966.3 1.09E-19 0.00E+00 0.00E+00 1.09E-19
 2967.5 1.15E-19 0.00E+00 0.00E+00 1.15E-19
 2968.8 1.16E-19 0.00E+00 0.00E+00 1.16E-19
 2970.0 1.22E-19 0.00E+00 0.00E+00 1.22E-19
 2971.3 1.28E-19 0.00E+00 0.00E+00 1.28E-19
 2972.5 1.32E-19 0.00E+00 0.00E+00 1.32E-19
 2973.8 1.26E-19 0.00E+00 0.00E+00 1.26E-19
 2975.0 1.35E-19 0.00E+00 0.00E+00 1.35E-19
 2976.3 1.37E-19 0.00E+00 0.00E+00 1.37E-19
 2977.5 1.36E-19 0.00E+00 0.00E+00 1.36E-19
 2978.8 1.34E-19 0.00E+00 0.00E+00 1.34E-19
 2980.0 1.17E-19 0.00E+00 0.00E+00 1.17E-19
 2981.3 1.19E-19 0.00E+00 0.00E+00 1.19E-19
 2982.5 1.15E-19 0.00E+00 0.00E+00 1.15E-19
 2983.8 1.15E-19 0.00E+00 0.00E+00 1.15E-19
 2985.0 1.25E-19 0.00E+00 0.00E+00 1.25E-19
 2986.3 1.15E-19 0.00E+00 0.00E+00 1.15E-19
 2987.5 1.16E-19 0.00E+00 0.00E+00 1.16E-19
 2988.8 1.21E-19 0.00E+00 0.00E+00 1.21E-19
 2990.0 1.26E-19 0.00E+00 0.00E+00 1.26E-19
 2991.3 1.26E-19 0.00E+00 0.00E+00 1.26E-19
 2992.5 1.19E-19 0.00E+00 0.00E+00 1.19E-19
 2993.8 1.15E-19 0.00E+00 0.00E+00 1.15E-19
 2995.0 1.27E-19 0.00E+00 0.00E+00 1.27E-19
 2996.3 1.26E-19 0.00E+00 0.00E+00 1.26E-19
 2997.5 1.19E-19 0.00E+00 0.00E+00 1.19E-19
 2998.8 1.33E-19 0.00E+00 0.00E+00 1.33E-19
 3000.0 1.17E-19 0.00E+00 0.00E+00 1.17E-19
 3001.3 1.26E-19 0.00E+00 0.00E+00 1.26E-19
 3002.5 1.12E-19 0.00E+00 0.00E+00 1.12E-19
 3003.8 1.18E-19 0.00E+00 0.00E+00 1.18E-19
 3005.0 1.26E-19 0.00E+00 0.00E+00 1.26E-19
 3006.3 1.22E-19 0.00E+00 0.00E+00 1.22E-19
 3007.5 1.21E-19 0.00E+00 0.00E+00 1.21E-19
 3008.8 1.23E-19 0.00E+00 0.00E+00 1.23E-19
 3010.0 1.23E-19 0.00E+00 0.00E+00 1.23E-19
 3011.3 1.22E-19 0.00E+00 0.00E+00 1.22E-19
 3012.5 1.18E-19 0.00E+00 0.00E+00 1.18E-19
 3013.8 1.30E-19 0.00E+00 0.00E+00 1.30E-19
 3015.0 1.30E-19 0.00E+00 0.00E+00 1.30E-19
 3016.3 1.36E-19 0.00E+00 0.00E+00 1.36E-19
 3017.5 1.38E-19 0.00E+00 0.00E+00 1.38E-19
 3018.8 1.36E-19 0.00E+00 0.00E+00 1.36E-19
 3020.0 1.38E-19 0.00E+00 0.00E+00 1.38E-19
 3021.3 1.48E-19 0.00E+00 0.00E+00 1.48E-19
 3022.5 1.32E-19 0.00E+00 0.00E+00 1.32E-19
 3023.8 1.44E-19 0.00E+00 0.00E+00 1.44E-19
 3025.0 1.52E-19 0.00E+00 0.00E+00 1.52E-19
 3026.3 1.47E-19 0.00E+00 0.00E+00 1.47E-19
 3027.5 1.50E-19 0.00E+00 0.00E+00 1.50E-19
 3028.8 1.48E-19 0.00E+00 0.00E+00 1.48E-19
 3030.0 1.59E-19 0.00E+00 0.00E+00 1.59E-19
 3031.3 1.53E-19 0.00E+00 0.00E+00 1.53E-19
 3032.5 1.47E-19 0.00E+00 0.00E+00 1.47E-19
 3033.8 1.51E-19 0.00E+00 0.00E+00 1.51E-19
 3035.0 1.54E-19 0.00E+00 0.00E+00 1.54E-19
 3036.3 1.58E-19 0.00E+00 0.00E+00 1.58E-19
 3037.5 1.54E-19 0.00E+00 0.00E+00 1.54E-19
 3038.8 1.64E-19 0.00E+00 0.00E+00 1.64E-19
 3040.0 1.59E-19 0.00E+00 0.00E+00 1.59E-19
 3041.3 1.58E-19 0.00E+00 0.00E+00 1.58E-19
 3042.5 1.49E-19 0.00E+00 0.00E+00 1.49E-19
 3043.8 1.49E-19 0.00E+00 0.00E+00 1.49E-19
 3045.0 1.58E-19 0.00E+00 0.00E+00 1.58E-19
 3046.3 1.49E-19 0.00E+00 0.00E+00 1.49E-19
 3047.5 1.50E-19 0.00E+00 0.00E+00 1.50E-19
 3048.8 1.54E-19 0.00E+00 0.00E+00 1.54E-19
 3050.0 1.66E-19 0.00E+00 0.00E+00 1.66E-19
 3051.3 1.57E-19 0.00E+00 0.00E+00 1.57E-19
 3052.5 1.55E-19 0.00E+00 0.00E+00 1.55E-19
 3053.8 1.52E-19 0.00E+00 0.00E+00 1.52E-19
 3055.0 1.60E-19 0.00E+00 0.00E+00 1.60E-19
 3056.3 1.52E-19 0.00E+00 0.00E+00 1.52E-19
 3057.5 1.53E-19 0.00E+00 0.00E+00 1.53E-19
 3058.8 1.42E-19 0.00E+00 0.00E+00 1.42E-19
 3060.0 1.59E-19 0.00E+00 0.00E+00 1.59E-19
 3061.3 1.56E-19 0.00E+00 0.00E+00 1.56E-19
 3062.5 1.55E-19 0.00E+00 0.00E+00 1.55E-19
 3063.8 1.60E-19 0.00E+00 0.00E+00 1.60E-19
 3065.0 1.37E-19 0.00E+00 0.00E+00 1.37E-19
 3066.3 1.48E-19 0.00E+00 0.00E+00 1.48E-19
 3067.5 1.60E-19 0.00E+00 0.00E+00 1.60E-19
 3068.8 1.60E-19 0.00E+00 0.00E+00 1.60E-19
 3070.0 1.63E-19 0.00E+00 0.00E+00 1.63E-19
 3071.3 1.66E-19 0.00E+00 0.00E+00 1.66E-19
 3072.5 1.71E-19 0.00E+00 0.00E+00 1.71E-19
 3073.8 1.67E-19 0.00E+00 0.00E+00 1.67E-19
 3075.0 1.69E-19 0.00E+00 0.00E+00 1.69E-19
 3076.3 1.76E-19 0.00E+00 0.00E+00 1.76E-19
 3077.5 1.62E-19 0.00E+00 0.00E+00 1.62E-19
 3078.8 1.66E-19 0.00E+00 0.00E+00 1.66E-19
 3080.0 1.62E-19 0.00E+00 0.00E+00 1.62E-19
 3081.3 1.68E-19 0.00E+00 0.00E+00 1.68E-19
 3082.5 1.61E-19 0.00E+00 0.00E+00 1.61E-19
 3083.8 1.63E-19 0.00E+00 0.00E+00 1.63E-19
 3085.0 1.64E-19 0.00E+00 0.00E+00 1.64E-19
 3086.3 1.74E-19 0.00E+00 0.00E+00 1.74E-19
 3087.5 1.78E-19 0.00E+00 0.00E+00 1.78E-19
 3088.8 1.81E-19 0.00E+00 0.00E+00 1.81E-19
 3090.0 1.84E-19 0.00E+00 0.00E+00 1.84E-19
 3091.3 1.86E-19 0.00E+00 0.00E+00 1.86E-19
 3092.5 1.81E-19 0.00E+00 0.00E+00 1.81E-19
 3093.8 1.91E-19 0.00E+00 0.00E+00 1.91E-19
 3095.0 1.87E-19 0.00E+00 0.00E+00 1.87E-19
 3096.3 1.91E-19 0.00E+00 0.00E+00 1.91E-19
 3097.5 1.88E-19 0.00E+00 0.00E+00 1.88E-19
 3098.8 1.78E-19 0.00E+00 0.00E+00 1.78E-19
 3100.0 1.76E-19 0.00E+00 0.00E+00 1.76E-19
 3101.3 1.78E-19 0.00E+00 0.00E+00 1.78E-19
 3102.5 1.82E-19 0.00E+00 0.00E+00 1.82E-19
 3103.8 1.82E-19 0.00E+00 0.00E+00 1.82E-19
 3105.0 1.85E-19 0.00E+00 0.00E+00 1.85E-19
 3106.3 1.92E-19 0.00E+00 0.00E+00 1.92E-19
 3107.5 1.93E-19 0.00E+00 0.00E+00 1.93E-19
 3108.8 1.82E-19 0.00E+00 0.00E+00 1.82E-19
 3110.0 1.88E-19 0.00E+00 0.00E+00 1.88E-19
 3111.3 1.92E-19 0.00E+00 0.00E+00 1.92E-19
 3112.5 1.92E-19 0.00E+00 0.00E+00 1.92E-19
 3113.8 1.95E-19 0.00E+00 0.00E+00 1.95E-19
 3115.0 2.03E-19 0.00E+00 0.00E+00 2.03E-19
 3116.3 1.92E-19 0.00E+00 0.00E+00 1.92E-19
 3117.5 1.99E-19 0.00E+00 0.00E+00 1.99E-19
 3118.8 1.98E-19 0.00E+00 0.00E+00 1.98E-19
 3120.0 1.96E-19 0.00E+00 0.00E+00 1.96E-19
 3121.3 2.01E-19 0.00E+00 0.00E+00 2.01E-19
 3122.5 2.09E-19 0.00E+00 0.00E+00 2.09E-19
 3123.8 2.20E-19 0.00E+00 0.00E+00 2.20E-19
 3125.0 2.15E-19 0.00E+00 0.00E+00 2.15E-19
 3126.3 2.01E-19 0.00E+00 0.00E+00 2.01E-19
 3127.5 2.07E-19 0.00E+00 0.00E+00 2.07E-19
 3128.8 2.02E-19 0.00E+00 0.00E+00 2.02E-19
 3130.0 2.03E-19 0.00E+00 0.00E+00 2.03E-19
 3131.3 2.03E-19 0.00E+00 0.00E+00 2.03E-19
 3132.5 1.96E-19 0.00E+00 0.00E+00 1.96E-19
 3133.8 1.92E-19 0.00E+00 0.00E+00 1.92E-19
 3135.0 1.89E-19 0.00E+00 0.00E+00 1.89E-19
 3136.3 2.00E-19 0.00E+00 0.00E+00 2.00E-19
 3137.5 1.91E-19 0.00E+00 0.00E+00 1.91E-19
 3138.8 2.02E-19 0.00E+00 0.00E+00 2.02E-19
 3140.0 1.94E-19 0.00E+00 0.00E+00 1.94E-19
 3141.3 1.97E-19 0.00E+00 0.00E+00 1.97E-19
 3142.5 2.05E-19 0.00E+00 0.00E+00 2.05E-19
 3143.8 2.02E-19 0.00E+00 0.00E+00 2.02E-19
 3145.0 2.19E-19 0.00E+00 0.00E+00 2.19E-19
 3146.3 2.20E-19 0.00E+00 0.00E+00 2.20E-19
 3147.5 2.20E-19 0.00E+00 0.00E+00 2.20E-19
 3148.8 2.22E-19 0.00E+00 0.00E+00 2.22E-19
 3150.0 2.25E-19 0.00E+00 0.00E+00 2.25E-19
 3151.3 2.24E-19 0.00E+00 0.00E+00 2.24E-19
 3152.5 2.24E-19 0.00E+00 0.00E+00 2.24E-19
 3153.8 2.20E-19 0.00E+00 0.00E+00 2.20E-19
 3155.0 2.14E-19 0.00E+00 0.00E+00 2.14E-19
 3156.3 2.16E-19 0.00E+00 0.00E+00 2.16E-19
 3157.5 2.08E-19 0.00E+00 0.00E+00 2.08E-19
 3158.8 2.16E-19 0.00E+00 0.00E+00 2.16E-19
 3160.0 2.13E-19 0.00E+00 0.00E+00 2.13E-19
 3161.3 2.20E-19 0.00E+00 0.00E+00 2.20E-19
 3162.5 2.17E-19 0.00E+00 0.00E+00 2.17E-19
 3163.8 2.04E-19 0.00E+00 0.00E+00 2.04E-19
 3165.0 2.15E-19 0.00E+00 0.00E+00 2.15E-19
 3166.3 2.15E-19 0.00E+00 0.00E+00 2.15E-19
 3167.5 2.21E-19 0.00E+00 0.00E+00 2.21E-19
 3168.8 2.24E-19 0.00E+00 0.00E+00 2.24E-19
 3170.0 2.33E-19 0.00E+00 0.00E+00 2.33E-19
 3171.3 2.20E-19 0.00E+00 0.00E+00 2.20E-19
 3172.5 2.20E-19 0.00E+00 0.00E+00 2.20E-19
 3173.8 2.35E-19 0.00E+00 0.00E+00 2.35E-19
 3175.0 2.46E-19 0.00E+00 0.00E+00 2.46E-19
 3176.3 2.44E-19 0.00E+00 0.00E+00 2.44E-19
 3177.5 2.41E-19 0.00E+00 0.00E+00 2.41E-19
 3178.8 2.47E-19 0.00E+00 0.00E+00 2.47E-19
 3180.0 2.48E-19 0.00E+00 0.00E+00 2.48E-19
 3181.3 2.43E-19 0.00E+00 0.00E+00 2.43E-19
 3182.5 2.40E-19 0.00E+00 0.00E+00 2.40E-19
 3183.8 2.38E-19 0.00E+00 0.00E+00 2.38E-19
 3185.0 2.30E-19 0.00E+00 0.00E+00 2.30E-19
 3186.3 2.30E-19 0.00E+00 0.00E+00 2.30E-19
 3187.5 2.29E-19 0.00E+00 0.00E+00 2.29E-19
 3188.8 2.24E-19 0.00E+00 0.00E+00 2.24E-19
 3190.0 2.32E-19 0.00E+00 0.00E+00 2.32E-19
 3191.3 2.39E-19 0.00E+00 0.00E+00 2.39E-19
 3192.5 2.37E-19 0.00E+00 0.00E+00 2.37E-19
 3193.8 2.38E-19 0.00E+00 0.00E+00 2.38E-19
 3195.0 2.44E-19 0.00E+00 0.00E+00 2.44E-19
 3196.3 2.49E-19 0.00E+00 0.00E+00 2.49E-19
 3197.5 2.52E-19 0.00E+00 0.00E+00 2.52E-19
 3198.8 2.45E-19 0.00E+00 0.00E+00 2.45E-19
 3200.0 2.54E-19 0.00E+00 0.00E+00 2.54E-19
 3201.3 2.63E-19 0.00E+00 0.00E+00 2.63E-19
 3202.5 2.63E-19 0.00E+00 0.00E+00 2.63E-19
 3203.8 2.67E-19 0.00E+00 0.00E+00 2.67E-19
 3205.0 2.76E-19 0.00E+00 0.00E+00 2.76E-19
 3206.3 2.51E-19 0.00E+00 0.00E+00 2.51E-19
 3207.5 2.56E-19 0.00E+00 0.00E+00 2.56E-19
 3208.8 2.47E-19 0.00E+00 0.00E+00 2.47E-19
 3210.0 2.65E-19 0.00E+00 0.00E+00 2.65E-19
 3211.3 2.57E-19 0.00E+00 0.00E+00 2.57E-19
 3212.5 2.52E-19 0.00E+00 0.00E+00 2.52E-19
 3213.8 2.46E-19 0.00E+00 0.00E+00 2.46E-19
 3215.0 2.49E-19 0.00E+00 0.00E+00 2.49E-19
 3216.3 2.70E-19 0.00E+00 0.00E+00 2.70E-19
 3217.5 2.68E-19 0.00E+00 0.00E+00 2.68E-19
 3218.8 2.56E-19 0.00E+00 0.00E+00 2.56E-19
 3220.0 2.65E-19 0.00E+00 0.00E+00 2.65E-19
 3221.3 2.59E-19 0.00E+00 0.00E+00 2.59E-19
 3222.5 2.49E-19 0.00E+00 0.00E+00 2.49E-19
 3223.8 2.79E-19 0.00E+00 0.00E+00 2.79E-19
 3225.0 2.89E-19 0.00E+00 0.00E+00 2.89E-19
 3226.3 2.68E-19 0.00E+00 0.00E+00 2.68E-19
 3227.5 2.80E-19 0.00E+00 0.00E+00 2.80E-19
 3228.8 2.67E-19 0.00E+00 0.00E+00 2.67E-19
 3230.0 2.77E-19 0.00E+00 0.00E+00 2.77E-19
 3231.3 2.65E-19 0.00E+00 0.00E+00 2.65E-19
 3232.5 2.61E-19 0.00E+00 0.00E+00 2.61E-19
 3233.8 2.57E-19 0.00E+00 0.00E+00 2.57E-19
 3235.0 2.69E-19 0.00E+00 0.00E+00 2.69E-19
 3236.3 2.57E-19 0.00E+00 0.00E+00 2.57E-19
 3237.5 2.59E-19 0.00E+00 0.00E+00 2.59E-19
 3238.8 2.53E-19 0.00E+00 0.00E+00 2.53E-19
 3240.0 2.68E-19 0.00E+00 0.00E+00 2.68E-19
 3241.3 2.66E-19 0.00E+00 0.00E+00 2.66E-19
 3242.5 2.73E-19 0.00E+00 0.00E+00 2.73E-19
 3243.8 2.81E-19 0.00E+00 0.00E+00 2.81E-19
 3245.0 2.64E-19 0.00E+00 0.00E+00 2.64E-19
 3246.3 2.68E-19 0.00E+00 0.00E+00 2.68E-19
 3247.5 2.77E-19 0.00E+00 0.00E+00 2.77E-19
 3248.8 2.78E-19 0.00E+00 0.00E+00 2.78E-19
 3250.0 2.79E-19 0.00E+00 0.00E+00 2.79E-19
 3251.3 2.99E-19 0.00E+00 0.00E+00 2.99E-19
 3252.5 3.07E-19 0.00E+00 0.00E+00 3.07E-19
 3253.8 3.17E-19 0.00E+00 0.00E+00 3.17E-19
 3255.0 2.79E-19 0.00E+00 0.00E+00 2.79E-19
 3256.3 3.00E-19 0.00E+00 0.00E+00 3.00E-19
 3257.5 2.81E-19 0.00E+00 0.00E+00 2.81E-19
 3258.8 2.81E-19 0.00E+00 0.00E+00 2.81E-19
 3260.0 2.88E-19 0.00E+00 0.00E+00 2.88E-19
 3261.3 2.90E-19 0.00E+00 0.00E+00 2.90E-19
 3262.5 2.89E-19 0.00E+00 0.00E+00 2.89E-19
 3263.8 2.93E-19 0.00E+00 0.00E+00 2.93E-19
 3265.0 2.86E-19 0.00E+00 0.00E+00 2.86E-19
 3266.3 2.91E-19 0.00E+00 0.00E+00 2.91E-19
 3267.5 3.13E-19 0.00E+00 0.00E+00 3.13E-19
 3268.8 2.96E-19 0.00E+00 0.00E+00 2.96E-19
 3270.0 2.90E-19 0.00E+00 0.00E+00 2.90E-19
 3271.3 2.95E-19 0.00E+00 0.00E+00 2.95E-19
 3272.5 2.88E-19 0.00E+00 0.00E+00 2.88E-19
 3273.8 2.86E-19 0.00E+00 0.00E+00 2.86E-19
 3275.0 2.98E-19 0.00E+00 0.00E+00 2.98E-19
 3276.3 2.96E-19 0.00E+00 0.00E+00 2.96E-19
 3277.5 3.04E-19 0.00E+00 0.00E+00 3.04E-19
 3278.8 3.10E-19 0.00E+00 0.00E+00 3.10E-19
 3280.0 3.08E-19 0.00E+00 0.00E+00 3.08E-19
 3281.3 2.90E-19 0.00E+00 0.00E+00 2.90E-19
 3282.5 2.93E-19 0.00E+00 0.00E+00 2.93E-19
 3283.8 2.92E-19 0.00E+00 0.00E+00 2.92E-19
 3285.0 2.87E-19 0.00E+00 0.00E+00 2.87E-19
 3286.3 2.86E-19 0.00E+00 0.00E+00 2.86E-19
 3287.5 2.94E-19 0.00E+00 0.00E+00 2.94E-19
 3288.8 2.82E-19 0.00E+00 0.00E+00 2.82E-19
 3290.0 3.00E-19 0.00E+00 0.00E+00 3.00E-19
 3291.3 2.92E-19 0.00E+00 0.00E+00 2.92E-19
 3292.5 2.90E-19 0.00E+00 0.00E+00 2.90E-19
 3293.8 3.01E-19 0.00E+00 0.00E+00 3.01E-19
 3295.0 3.07E-19 0.00E+00 0.00E+00 3.07E-19
 3296.3 3.16E-19 0.00E+00 0.00E+00 3.16E-19
 3297.5 3.21E-19 0.00E+00 0.00E+00 3.21E-19
 3298.8 3.13E-19 0.00E+00 0.00E+00 3.13E-19
 3300.0 2.99E-19 0.00E+00 0.00E+00 2.99E-19
 3301.3 3.11E-19 0.00E+00 0.00E+00 3.11E-19
 3302.5 3.14E-19 0.00E+00 0.00E+00 3.14E-19
 3303.8 2.85E-19 0.00E+00 0.00E+00 2.85E-19
 3305.0 2.95E-19 0.00E+00 0.00E+00 2.95E-19
 3306.3 2.98E-19 0.00E+00 0.00E+00 2.98E-19
 3307.5 3.08E-19 0.00E+00 0.00E+00 3.08E-19
 3308.8 2.90E-19 0.00E+00 0.00E+00 2.90E-19
 3310.0 3.05E-19 0.00E+00 0.00E+00 3.05E-19
 3311.3 3.08E-19 0.00E+00 0.00E+00 3.08E-19
 3312.5 3.12E-19 0.00E+00 0.00E+00 3.12E-19
 3313.8 3.16E-19 0.00E+00 0.00E+00 3.16E-19
 3315.0 3.10E-19 0.00E+00 0.00E+00 3.10E-19
 3316.3 3.20E-19 0.00E+00 0.00E+00 3.20E-19
 3317.5 3.13E-19 0.00E+00 0.00E+00 3.13E-19
 3318.8 3.12E-19 0.00E+00 0.00E+00 3.12E-19
 3320.0 3.01E-19 0.00E+00 0.00E+00 3.01E-19
 3321.3 3.14E-19 0.00E+00 0.00E+00 3.14E-19
 3322.5 3.16E-19 0.00E+00 0.00E+00 3.16E-19
 3323.8 3.34E-19 0.00E+00 0.00E+00 3.34E-19
 3325.0 3.49E-19 0.00E+00 0.00E+00 3.49E-19
 3326.3 3.70E-19 0.00E+00 0.00E+00 3.70E-19
 3327.5 3.74E-19 0.00E+00 0.00E+00 3.74E-19
 3328.8 3.79E-19 0.00E+00 0.00E+00 3.79E-19
 3330.0 3.73E-19 0.00E+00 0.00E+00 3.73E-19
 3331.3 3.64E-19 0.00E+00 0.00E+00 3.64E-19
 3332.5 3.61E-19 0.00E+00 0.00E+00 3.61E-19
 3333.8 3.43E-19 0.00E+00 0.00E+00 3.43E-19
 3335.0 3.44E-19 0.00E+00 0.00E+00 3.44E-19
 3336.3 3.28E-19 0.00E+00 0.00E+00 3.28E-19
 3337.5 3.23E-19 0.00E+00 0.00E+00 3.23E-19
 3338.8 3.14E-19 0.00E+00 0.00E+00 3.14E-19
 3340.0 2.98E-19 0.00E+00 0.00E+00 2.98E-19
 3341.3 3.02E-19 0.00E+00 0.00E+00 3.02E-19
 3342.5 3.11E-19 0.00E+00 0.00E+00 3.11E-19
 3343.8 3.10E-19 0.00E+00 0.00E+00 3.10E-19
 3345.0 3.09E-19 0.00E+00 0.00E+00 3.09E-19
 3346.3 3.19E-19 0.00E+00 0.00E+00 3.19E-19
 3347.5 3.34E-19 0.00E+00 0.00E+00 3.34E-19
 3348.8 3.39E-19 0.00E+00 0.00E+00 3.39E-19
 3350.0 3.45E-19 0.00E+00 0.00E+00 3.45E-19
 3351.3 3.39E-19 0.00E+00 0.00E+00 3.39E-19
 3352.5 3.60E-19 0.00E+00 0.00E+00 3.60E-19
 3353.8 3.41E-19 0.00E+00 0.00E+00 3.41E-19
 3355.0 3.28E-19 0.00E+00 0.00E+00 3.28E-19
 3356.3 3.35E-19 0.00E+00 0.00E+00 3.35E-19
 3357.5 3.29E-19 0.00E+00 0.00E+00 3.29E-19
 3358.8 3.31E-19 0.00E+00 0.00E+00 3.31E-19
 3360.0 3.51E-19 0.00E+00 0.00E+00 3.51E-19
 3361.3 3.38E-19 0.00E+00 0.00E+00 3.38E-19
 3362.5 3.50E-19 0.00E+00 0.00E+00 3.50E-19
 3363.8 3.37E-19 0.00E+00 0.00E+00 3.37E-19
 3365.0 3.46E-19 0.00E+00 0.00E+00 3.46E-19
 3366.3 3.55E-19 0.00E+00 0.00E+00 3.55E-19
 3367.5 3.57E-19 0.00E+00 0.00E+00 3.57E-19
 3368.8 3.58E-19 0.00E+00 0.00E+00 3.58E-19
 3370.0 3.46E-19 0.00E+00 0.00E+00 3.46E-19
 3371.3 3.48E-19 0.00E+00 0.00E+00 3.48E-19
 3372.5 3.44E-19 0.00E+00 0.00E+00 3.44E-19
 3373.8 3.40E-19 0.00E+00 0.00E+00 3.40E-19
 3375.0 3.39E-19 0.00E+00 0.00E+00 3.39E-19
 3376.3 3.33E-19 0.00E+00 0.00E+00 3.33E-19
 3377.5 3.34E-19 0.00E+00 0.00E+00 3.34E-19
 3378.8 3.28E-19 0.00E+00 0.00E+00 3.28E-19
 3380.0 3.48E-19 0.00E+00 0.00E+00 3.48E-19
 3381.3 3.45E-19 0.00E+00 0.00E+00 3.45E-19
 3382.5 3.60E-19 0.00E+00 0.00E+00 3.60E-19
 3383.8 3.68E-19 0.00E+00 0.00E+00 3.68E-19
 3385.0 3.85E-19 0.00E+00 0.00E+00 3.85E-19
 3386.3 3.89E-19 0.00E+00 0.00E+00 3.89E-19
 3387.5 3.98E-19 0.00E+00 0.00E+00 3.98E-19
 3388.8 4.01E-19 0.00E+00 0.00E+00 4.01E-19
 3390.0 3.99E-19 0.00E+00 0.00E+00 3.99E-19
 3391.3 4.04E-19 0.00E+00 0.00E+00 4.04E-19
 3392.5 3.92E-19 0.00E+00 0.00E+00 3.92E-19
 3393.8 3.80E-19 0.00E+00 0.00E+00 3.80E-19
 3395.0 3.75E-19 0.00E+00 0.00E+00 3.75E-19
 3396.3 3.76E-19 0.00E+00 0.00E+00 3.76E-19
 3397.5 3.86E-19 0.00E+00 0.00E+00 3.86E-19
 3398.8 3.72E-19 0.00E+00 0.00E+00 3.72E-19
 3400.0 3.88E-19 0.00E+00 0.00E+00 3.88E-19
 3401.3 3.83E-19 0.00E+00 0.00E+00 3.83E-19
 3402.5 3.74E-19 0.00E+00 0.00E+00 3.74E-19
 3403.8 3.85E-19 0.00E+00 0.00E+00 3.85E-19
 3405.0 3.92E-19 0.00E+00 0.00E+00 3.92E-19
 3406.3 3.92E-19 0.00E+00 0.00E+00 3.92E-19
 3407.5 3.82E-19 0.00E+00 0.00E+00 3.82E-19
 3408.8 3.92E-19 0.00E+00 0.00E+00 3.92E-19
 3410.0 4.17E-19 0.00E+00 0.00E+00 4.17E-19
 3411.3 4.24E-19 0.00E+00 0.00E+00 4.24E-19
 3412.5 4.30E-19 0.00E+00 0.00E+00 4.30E-19
 3413.8 4.27E-19 0.00E+00 0.00E+00 4.27E-19
 3415.0 4.23E-19 0.00E+00 0.00E+00 4.23E-19
 3416.3 4.11E-19 0.00E+00 0.00E+00 4.11E-19
 3417.5 4.23E-19 0.00E+00 0.00E+00 4.23E-19
 3418.8 3.95E-19 0.00E+00 0.00E+00 3.95E-19
 3420.0 3.83E-19 0.00E+00 0.00E+00 3.83E-19
 3421.3 3.79E-19 0.00E+00 0.00E+00 3.79E-19
 3422.5 3.67E-19 0.00E+00 0.00E+00 3.67E-19
 3423.8 3.79E-19 0.00E+00 0.00E+00 3.79E-19
 3425.0 3.70E-19 0.00E+00 0.00E+00 3.70E-19
 3426.3 3.52E-19 0.00E+00 0.00E+00 3.52E-19
 3427.5 3.50E-19 0.00E+00 0.00E+00 3.50E-19
 3428.8 3.55E-19 0.00E+00 0.00E+00 3.55E-19
 3430.0 3.55E-19 0.00E+00 0.00E+00 3.55E-19
 3431.3 3.68E-19 0.00E+00 0.00E+00 3.68E-19
 3432.5 3.58E-19 0.00E+00 0.00E+00 3.58E-19
 3433.8 3.72E-19 0.00E+00 0.00E+00 3.72E-19
 3435.0 3.79E-19 0.00E+00 0.00E+00 3.79E-19
 3436.3 3.92E-19 0.00E+00 0.00E+00 3.92E-19
 3437.5 4.02E-19 0.00E+00 0.00E+00 4.02E-19
 3438.8 3.98E-19 0.00E+00 0.00E+00 3.98E-19
 3440.0 4.06E-19 0.00E+00 0.00E+00 4.06E-19
 3441.3 3.84E-19 0.00E+00 0.00E+00 3.84E-19
 3442.5 3.91E-19 0.00E+00 0.00E+00 3.91E-19
 3443.8 3.88E-19 0.00E+00 0.00E+00 3.88E-19
 3445.0 3.96E-19 0.00E+00 0.00E+00 3.96E-19
 3446.3 4.02E-19 0.00E+00 0.00E+00 4.02E-19
 3447.5 4.07E-19 0.00E+00 0.00E+00 4.07E-19
 3448.8 4.11E-19 0.00E+00 0.00E+00 4.11E-19
 3450.0 4.07E-19 0.00E+00 0.00E+00 4.07E-19
 3451.3 4.18E-19 0.00E+00 0.00E+00 4.18E-19
 3452.5 4.06E-19 0.00E+00 0.00E+00 4.06E-19
 3453.8 4.00E-19 0.00E+00 0.00E+00 4.00E-19
 3455.0 4.08E-19 0.00E+00 0.00E+00 4.08E-19
 3456.3 4.04E-19 0.00E+00 0.00E+00 4.04E-19
 3457.5 4.13E-19 0.00E+00 0.00E+00 4.13E-19
 3458.8 4.21E-19 0.00E+00 0.00E+00 4.21E-19
 3460.0 4.30E-19 0.00E+00 0.00E+00 4.30E-19
 3461.3 4.34E-19 0.00E+00 0.00E+00 4.34E-19
 3462.5 4.36E-19 0.00E+00 0.00E+00 4.36E-19
 3463.8 4.32E-19 0.00E+00 0.00E+00 4.32E-19
 3465.0 4.49E-19 0.00E+00 0.00E+00 4.49E-19
 3466.3 4.60E-19 0.00E+00 0.00E+00 4.60E-19
 3467.5 4.46E-19 0.00E+00 0.00E+00 4.46E-19
 3468.8 4.40E-19 0.00E+00 0.00E+00 4.40E-19
 3470.0 4.28E-19 0.00E+00 0.00E+00 4.28E-19
 3471.3 4.34E-19 0.00E+00 0.00E+00 4.34E-19
 3472.5 4.27E-19 0.00E+00 0.00E+00 4.27E-19
 3473.8 4.29E-19 0.00E+00 0.00E+00 4.29E-19
 3475.0 4.20E-19 0.00E+00 0.00E+00 4.20E-19
 3476.3 4.21E-19 0.00E+00 0.00E+00 4.21E-19
 3477.5 4.32E-19 0.00E+00 0.00E+00 4.32E-19
 3478.8 4.40E-19 0.00E+00 0.00E+00 4.40E-19
 3480.0 4.82E-19 0.00E+00 0.00E+00 4.82E-19
 3481.3 5.00E-19 0.00E+00 0.00E+00 5.00E-19
 3482.5 5.15E-19 0.00E+00 0.00E+00 5.15E-19
 3483.8 5.33E-19 0.00E+00 0.00E+00 5.33E-19
 3485.0 5.22E-19 0.00E+00 0.00E+00 5.22E-19
 3486.3 5.16E-19 0.00E+00 0.00E+00 5.16E-19
 3487.5 4.89E-19 0.00E+00 0.00E+00 4.89E-19
 3488.8 4.67E-19 0.00E+00 0.00E+00 4.67E-19
 3490.0 4.61E-19 0.00E+00 0.00E+00 4.61E-19
 3491.3 4.41E-19 0.00E+00 0.00E+00 4.41E-19
 3492.5 4.18E-19 0.00E+00 0.00E+00 4.18E-19
 3493.8 4.01E-19 0.00E+00 0.00E+00 4.01E-19
 3495.0 4.00E-19 0.00E+00 0.00E+00 4.00E-19
 3496.3 4.05E-19 0.00E+00 0.00E+00 4.05E-19
 3497.5 3.98E-19 0.00E+00 0.00E+00 3.98E-19
 3498.8 3.96E-19 0.00E+00 0.00E+00 3.96E-19
 3500.0 4.10E-19 0.00E+00 0.00E+00 4.10E-19
 3501.3 4.14E-19 0.00E+00 0.00E+00 4.14E-19
 3502.5 4.26E-19 0.00E+00 0.00E+00 4.26E-19
 3503.8 4.20E-19 0.00E+00 0.00E+00 4.20E-19
 3505.0 4.51E-19 0.00E+00 0.00E+00 4.51E-19
 3506.3 4.36E-19 0.00E+00 0.00E+00 4.36E-19
 3507.5 4.52E-19 0.00E+00 0.00E+00 4.52E-19
 3508.8 4.48E-19 0.00E+00 0.00E+00 4.48E-19
 3510.0 4.52E-19 0.00E+00 0.00E+00 4.52E-19
 3511.3 4.64E-19 0.00E+00 0.00E+00 4.64E-19
 3512.5 4.63E-19 0.00E+00 0.00E+00 4.63E-19
 3513.8 4.48E-19 0.00E+00 0.00E+00 4.48E-19
 3515.0 4.32E-19 0.00E+00 0.00E+00 4.32E-19
 3516.3 4.39E-19 0.00E+00 0.00E+00 4.39E-19
 3517.5 4.26E-19 0.00E+00 0.00E+00 4.26E-19
 3518.8 4.29E-19 0.00E+00 0.00E+00 4.29E-19
 3520.0 4.43E-19 0.00E+00 0.00E+00 4.43E-19
 3521.3 4.54E-19 0.00E+00 0.00E+00 4.54E-19
 3522.5 4.52E-19 0.00E+00 0.00E+00 4.52E-19
 3523.8 4.43E-19 0.00E+00 0.00E+00 4.43E-19
 3525.0 4.38E-19 0.00E+00 0.00E+00 4.38E-19
 3526.3 4.33E-19 0.00E+00 0.00E+00 4.33E-19
 3527.5 4.21E-19 0.00E+00 0.00E+00 4.21E-19
 3528.8 4.06E-19 0.00E+00 0.00E+00 4.06E-19
 3530.0 3.99E-19 0.00E+00 0.00E+00 3.99E-19
 3531.3 4.01E-19 0.00E+00 0.00E+00 4.01E-19
 3532.5 4.02E-19 0.00E+00 0.00E+00 4.02E-19
 3533.8 4.20E-19 0.00E+00 0.00E+00 4.20E-19
 3535.0 4.38E-19 0.00E+00 0.00E+00 4.38E-19
 3536.3 4.54E-19 0.00E+00 0.00E+00 4.54E-19
 3537.5 4.65E-19 0.00E+00 0.00E+00 4.65E-19
 3538.8 4.86E-19 0.00E+00 0.00E+00 4.86E-19
 3540.0 5.04E-19 0.00E+00 0.00E+00 5.04E-19
 3541.3 5.32E-19 0.00E+00 0.00E+00 5.32E-19
 3542.5 5.58E-19 0.00E+00 0.00E+00 5.58E-19
 3543.8 5.68E-19 0.00E+00 0.00E+00 5.68E-19
 3545.0 5.40E-19 0.00E+00 0.00E+00 5.40E-19
 3546.3 5.42E-19 0.00E+00 0.00E+00 5.42E-19
 3547.5 5.39E-19 0.00E+00 0.00E+00 5.39E-19
 3548.8 5.26E-19 0.00E+00 0.00E+00 5.26E-19
 3550.0 5.13E-19 0.00E+00 0.00E+00 5.13E-19
 3551.3 4.99E-19 0.00E+00 0.00E+00 4.99E-19
 3552.5 4.87E-19 0.00E+00 0.00E+00 4.87E-19
 3553.8 4.75E-19 0.00E+00 0.00E+00 4.75E-19
 3555.0 4.68E-19 0.00E+00 0.00E+00 4.68E-19
 3556.3 4.62E-19 0.00E+00 0.00E+00 4.62E-19
 3557.5 4.59E-19 0.00E+00 0.00E+00 4.59E-19
 3558.8 4.55E-19 0.00E+00 0.00E+00 4.55E-19
 3560.0 4.61E-19 0.00E+00 0.00E+00 4.61E-19
 3561.3 4.63E-19 0.00E+00 0.00E+00 4.63E-19
 3562.5 4.67E-19 0.00E+00 0.00E+00 4.67E-19
 3563.8 4.83E-19 0.00E+00 0.00E+00 4.83E-19
 3565.0 4.77E-19 0.00E+00 0.00E+00 4.77E-19
 3566.3 5.09E-19 0.00E+00 0.00E+00 5.09E-19
 3567.5 5.17E-19 0.00E+00 0.00E+00 5.17E-19
 3568.8 5.45E-19 0.00E+00 0.00E+00 5.45E-19
 3570.0 5.58E-19 0.00E+00 0.00E+00 5.58E-19
 3571.3 5.64E-19 0.00E+00 0.00E+00 5.64E-19
 3572.5 5.63E-19 0.00E+00 0.00E+00 5.63E-19
 3573.8 5.54E-19 0.00E+00 0.00E+00 5.54E-19
 3575.0 5.57E-19 0.00E+00 0.00E+00 5.57E-19
 3576.3 5.31E-19 0.00E+00 0.00E+00 5.31E-19
 3577.5 5.19E-19 0.00E+00 0.00E+00 5.19E-19
 3578.8 5.14E-19 0.00E+00 0.00E+00 5.14E-19
 3580.0 5.04E-19 0.00E+00 0.00E+00 5.04E-19
 3581.3 5.15E-19 0.00E+00 0.00E+00 5.15E-19
 3582.5 4.95E-19 0.00E+00 0.00E+00 4.95E-19
 3583.8 4.97E-19 0.00E+00 0.00E+00 4.97E-19
 3585.0 4.86E-19 0.00E+00 0.00E+00 4.86E-19
 3586.3 4.76E-19 0.00E+00 0.00E+00 4.76E-19
 3587.5 4.76E-19 0.00E+00 0.00E+00 4.76E-19
 3588.8 4.55E-19 0.00E+00 0.00E+00 4.55E-19
 3590.0 4.55E-19 0.00E+00 0.00E+00 4.55E-19
 3591.3 4.48E-19 0.00E+00 0.00E+00 4.48E-19
 3592.5 4.56E-19 0.00E+00 0.00E+00 4.56E-19
 3593.8 4.52E-19 0.00E+00 0.00E+00 4.52E-19
 3595.0 4.64E-19 0.00E+00 0.00E+00 4.64E-19
 3596.3 4.61E-19 0.00E+00 0.00E+00 4.61E-19
 3597.5 4.65E-19 0.00E+00 0.00E+00 4.65E-19
 3598.8 4.47E-19 0.00E+00 0.00E+00 4.47E-19
 3600.0 4.51E-19 0.00E+00 0.00E+00 4.51E-19
 3601.3 4.67E-19 0.00E+00 0.00E+00 4.67E-19
 3602.5 4.72E-19 0.00E+00 0.00E+00 4.72E-19
 3603.8 4.89E-19 0.00E+00 0.00E+00 4.89E-19
 3605.0 5.04E-19 0.00E+00 0.00E+00 5.04E-19
 3606.3 5.12E-19 0.00E+00 0.00E+00 5.12E-19
 3607.5 5.23E-19 0.00E+00 0.00E+00 5.23E-19
 3608.8 5.31E-19 0.00E+00 0.00E+00 5.31E-19
 3610.0 5.39E-19 0.00E+00 0.00E+00 5.39E-19
 3611.3 5.35E-19 0.00E+00 0.00E+00 5.35E-19
 3612.5 5.11E-19 0.00E+00 0.00E+00 5.11E-19
 3613.8 5.13E-19 0.00E+00 0.00E+00 5.13E-19
 3615.0 5.11E-19 0.00E+00 0.00E+00 5.11E-19
 3616.3 5.10E-19 0.00E+00 0.00E+00 5.10E-19
 3617.5 5.01E-19 0.00E+00 0.00E+00 5.01E-19
 3618.8 4.95E-19 0.00E+00 0.00E+00 4.95E-19
 3620.0 5.04E-19 0.00E+00 0.00E+00 5.04E-19
 3621.3 5.02E-19 0.00E+00 0.00E+00 5.02E-19
 3622.5 5.09E-19 0.00E+00 0.00E+00 5.09E-19
 3623.8 5.16E-19 0.00E+00 0.00E+00 5.16E-19
 3625.0 5.09E-19 0.00E+00 0.00E+00 5.09E-19
 3626.3 5.10E-19 0.00E+00 0.00E+00 5.10E-19
 3627.5 4.99E-19 0.00E+00 0.00E+00 4.99E-19
 3628.8 5.15E-19 0.00E+00 0.00E+00 5.15E-19
 3630.0 5.12E-19 0.00E+00 0.00E+00 5.12E-19
 3631.3 4.98E-19 0.00E+00 0.00E+00 4.98E-19
 3632.5 5.02E-19 0.00E+00 0.00E+00 5.02E-19
 3633.8 5.05E-19 0.00E+00 0.00E+00 5.05E-19
 3635.0 4.92E-19 0.00E+00 0.00E+00 4.92E-19
 3636.3 4.93E-19 0.00E+00 0.00E+00 4.93E-19
 3637.5 4.76E-19 0.00E+00 0.00E+00 4.76E-19
 3638.8 4.78E-19 0.00E+00 0.00E+00 4.78E-19
 3640.0 4.87E-19 0.00E+00 0.00E+00 4.87E-19
 3641.3 5.05E-19 0.00E+00 0.00E+00 5.05E-19
 3642.5 5.24E-19 0.00E+00 0.00E+00 5.24E-19
 3643.8 5.36E-19 0.00E+00 0.00E+00 5.36E-19
 3645.0 5.42E-19 0.00E+00 0.00E+00 5.42E-19
 3646.3 5.50E-19 0.00E+00 0.00E+00 5.50E-19
 3647.5 5.56E-19 0.00E+00 0.00E+00 5.56E-19
 3648.8 5.64E-19 0.00E+00 0.00E+00 5.64E-19
 3650.0 5.78E-19 0.00E+00 0.00E+00 5.78E-19
 3651.3 5.86E-19 0.00E+00 0.00E+00 5.86E-19
 3652.5 6.01E-19 0.00E+00 0.00E+00 6.01E-19
 3653.8 5.94E-19 0.00E+00 0.00E+00 5.94E-19
 3655.0 5.96E-19 0.00E+00 0.00E+00 5.96E-19
 3656.3 5.84E-19 0.00E+00 0.00E+00 5.84E-19
 3657.5 5.78E-19 0.00E+00 0.00E+00 5.78E-19
 3658.8 5.53E-19 0.00E+00 0.00E+00 5.53E-19
 3660.0 5.40E-19 0.00E+00 0.00E+00 5.40E-19
 3661.3 5.18E-19 0.00E+00 0.00E+00 5.18E-19
 3662.5 5.05E-19 0.00E+00 0.00E+00 5.05E-19
 3663.8 4.97E-19 0.00E+00 0.00E+00 4.97E-19
 3665.0 4.90E-19 0.00E+00 0.00E+00 4.90E-19
 3666.3 4.87E-19 0.00E+00 0.00E+00 4.87E-19
 3667.5 4.85E-19 0.00E+00 0.00E+00 4.85E-19
 3668.8 5.14E-19 0.00E+00 0.00E+00 5.14E-19
 3670.0 5.19E-19 0.00E+00 0.00E+00 5.19E-19
 3671.3 5.43E-19 0.00E+00 0.00E+00 5.43E-19
 3672.5 5.58E-19 0.00E+00 0.00E+00 5.58E-19
 3673.8 5.54E-19 0.00E+00 0.00E+00 5.54E-19
 3675.0 5.46E-19 0.00E+00 0.00E+00 5.46E-19
 3676.3 5.38E-19 0.00E+00 0.00E+00 5.38E-19
 3677.5 5.53E-19 0.00E+00 0.00E+00 5.53E-19
 3678.8 5.45E-19 0.00E+00 0.00E+00 5.45E-19
 3680.0 5.34E-19 0.00E+00 0.00E+00 5.34E-19
 3681.3 5.38E-19 0.00E+00 0.00E+00 5.38E-19
 3682.5 5.36E-19 0.00E+00 0.00E+00 5.36E-19
 3683.8 5.27E-19 0.00E+00 0.00E+00 5.27E-19
 3685.0 5.28E-19 0.00E+00 0.00E+00 5.28E-19
 3686.3 5.16E-19 0.00E+00 0.00E+00 5.16E-19
 3687.5 5.14E-19 0.00E+00 0.00E+00 5.14E-19
 3688.8 5.24E-19 0.00E+00 0.00E+00 5.24E-19
 3690.0 5.19E-19 0.00E+00 0.00E+00 5.19E-19
 3691.3 5.31E-19 0.00E+00 0.00E+00 5.31E-19
 3692.5 5.36E-19 0.00E+00 0.00E+00 5.36E-19
 3693.8 5.35E-19 0.00E+00 0.00E+00 5.35E-19
 3695.0 5.22E-19 0.00E+00 0.00E+00 5.22E-19
 3696.3 5.18E-19 0.00E+00 0.00E+00 5.18E-19
 3697.5 5.23E-19 0.00E+00 0.00E+00 5.23E-19
 3698.8 5.32E-19 0.00E+00 0.00E+00 5.32E-19
 3700.0 5.42E-19 0.00E+00 0.00E+00 5.42E-19
 3701.3 5.34E-19 0.00E+00 0.00E+00 5.34E-19
 3702.5 5.28E-19 0.00E+00 0.00E+00 5.28E-19
 3703.8 5.23E-19 0.00E+00 0.00E+00 5.23E-19
 3705.0 5.19E-19 0.00E+00 0.00E+00 5.19E-19
 3706.3 5.09E-19 0.00E+00 0.00E+00 5.09E-19
 3707.5 4.90E-19 0.00E+00 0.00E+00 4.90E-19
 3708.8 4.97E-19 0.00E+00 0.00E+00 4.97E-19
 3710.0 5.21E-19 0.00E+00 0.00E+00 5.21E-19
 3711.3 5.21E-19 0.00E+00 0.00E+00 5.21E-19
 3712.5 5.21E-19 0.00E+00 0.00E+00 5.21E-19
 3713.8 5.45E-19 0.00E+00 0.00E+00 5.45E-19
 3715.0 5.52E-19 0.00E+00 0.00E+00 5.52E-19
 3716.3 5.73E-19 0.00E+00 0.00E+00 5.73E-19
 3717.5 5.87E-19 0.00E+00 0.00E+00 5.87E-19
 3718.8 5.95E-19 0.00E+00 0.00E+00 5.95E-19
 3720.0 5.98E-19 0.00E+00 0.00E+00 5.98E-19
 3721.3 6.06E-19 0.00E+00 0.00E+00 6.06E-19
 3722.5 5.97E-19 0.00E+00 0.00E+00 5.97E-19
 3723.8 6.05E-19 0.00E+00 0.00E+00 6.05E-19
 3725.0 5.97E-19 0.00E+00 0.00E+00 5.97E-19
 3726.3 5.87E-19 0.00E+00 0.00E+00 5.87E-19
 3727.5 5.70E-19 0.00E+00 0.00E+00 5.70E-19
 3728.8 5.56E-19 0.00E+00 0.00E+00 5.56E-19
 3730.0 5.50E-19 0.00E+00 0.00E+00 5.50E-19
 3731.3 5.46E-19 0.00E+00 0.00E+00 5.46E-19
 3732.5 5.34E-19 0.00E+00 0.00E+00 5.34E-19
 3733.8 5.34E-19 0.00E+00 0.00E+00 5.34E-19
 3735.0 5.23E-19 0.00E+00 0.00E+00 5.23E-19
 3736.3 5.41E-19 0.00E+00 0.00E+00 5.41E-19
 3737.5 5.42E-19 0.00E+00 0.00E+00 5.42E-19
 3738.8 5.46E-19 0.00E+00 0.00E+00 5.46E-19
 3740.0 5.36E-19 0.00E+00 0.00E+00 5.36E-19
 3741.3 5.38E-19 0.00E+00 0.00E+00 5.38E-19
 3742.5 5.19E-19 0.00E+00 0.00E+00 5.19E-19
 3743.8 5.15E-19 0.00E+00 0.00E+00 5.15E-19
 3745.0 5.09E-19 0.00E+00 0.00E+00 5.09E-19
 3746.3 5.08E-19 0.00E+00 0.00E+00 5.08E-19
 3747.5 5.14E-19 0.00E+00 0.00E+00 5.14E-19
 3748.8 5.25E-19 0.00E+00 0.00E+00 5.25E-19
 3750.0 5.35E-19 0.00E+00 0.00E+00 5.35E-19
 3751.3 5.54E-19 0.00E+00 0.00E+00 5.54E-19
 3752.5 5.70E-19 0.00E+00 0.00E+00 5.70E-19
 3753.8 5.87E-19 0.00E+00 0.00E+00 5.87E-19
 3755.0 5.90E-19 0.00E+00 0.00E+00 5.90E-19
 3756.3 5.90E-19 0.00E+00 0.00E+00 5.90E-19
 3757.5 5.95E-19 0.00E+00 0.00E+00 5.95E-19
 3758.8 5.95E-19 0.00E+00 0.00E+00 5.95E-19
 3760.0 6.23E-19 0.00E+00 0.00E+00 6.23E-19
 3761.3 6.51E-19 0.00E+00 0.00E+00 6.51E-19
 3762.5 6.53E-19 0.00E+00 0.00E+00 6.53E-19
 3763.8 6.45E-19 0.00E+00 0.00E+00 6.45E-19
 3765.0 6.29E-19 0.00E+00 0.00E+00 6.29E-19
 3766.3 6.19E-19 0.00E+00 0.00E+00 6.19E-19
 3767.5 6.08E-19 0.00E+00 0.00E+00 6.08E-19
 3768.8 5.68E-19 0.00E+00 0.00E+00 5.68E-19
 3770.0 5.67E-19 0.00E+00 0.00E+00 5.67E-19
 3771.3 5.46E-19 0.00E+00 0.00E+00 5.46E-19
 3772.5 5.29E-19 0.00E+00 0.00E+00 5.29E-19
 3773.8 5.20E-19 0.00E+00 0.00E+00 5.20E-19
 3775.0 5.24E-19 0.00E+00 0.00E+00 5.24E-19
 3776.3 5.23E-19 0.00E+00 0.00E+00 5.23E-19
 3777.5 5.24E-19 0.00E+00 0.00E+00 5.24E-19
 3778.8 5.28E-19 0.00E+00 0.00E+00 5.28E-19
 3780.0 5.18E-19 0.00E+00 0.00E+00 5.18E-19
 3781.3 5.07E-19 0.00E+00 0.00E+00 5.07E-19
 3782.5 5.12E-19 0.00E+00 0.00E+00 5.12E-19
 3783.8 5.17E-19 0.00E+00 0.00E+00 5.17E-19
 3785.0 5.22E-19 0.00E+00 0.00E+00 5.22E-19
 3786.3 5.29E-19 0.00E+00 0.00E+00 5.29E-19
 3787.5 5.22E-19 0.00E+00 0.00E+00 5.22E-19
 3788.8 5.36E-19 0.00E+00 0.00E+00 5.36E-19
 3790.0 5.47E-19 0.00E+00 0.00E+00 5.47E-19
 3791.3 5.56E-19 0.00E+00 0.00E+00 5.56E-19
 3792.5 5.70E-19 0.00E+00 0.00E+00 5.70E-19
 3793.8 5.89E-19 0.00E+00 0.00E+00 5.89E-19
 3795.0 6.15E-19 0.00E+00 0.00E+00 6.15E-19
 3796.3 6.32E-19 0.00E+00 0.00E+00 6.32E-19
 3797.5 6.29E-19 0.00E+00 0.00E+00 6.29E-19
 3798.8 6.26E-19 0.00E+00 0.00E+00 6.26E-19
 3800.0 5.98E-19 0.00E+00 0.00E+00 5.98E-19
 3801.3 6.05E-19 0.00E+00 0.00E+00 6.05E-19
 3802.5 5.95E-19 0.00E+00 0.00E+00 5.95E-19
 3803.8 5.94E-19 0.00E+00 0.00E+00 5.94E-19
 3805.0 5.86E-19 0.00E+00 0.00E+00 5.86E-19
 3806.3 5.94E-19 0.00E+00 0.00E+00 5.94E-19
 3807.5 5.72E-19 0.00E+00 0.00E+00 5.72E-19
 3808.8 5.63E-19 0.00E+00 0.00E+00 5.63E-19
 3810.0 5.66E-19 0.00E+00 0.00E+00 5.66E-19
 3811.3 5.74E-19 0.00E+00 0.00E+00 5.74E-19
 3812.5 5.72E-19 0.00E+00 0.00E+00 5.72E-19
 3813.8 5.59E-19 0.00E+00 0.00E+00 5.59E-19
 3815.0 5.52E-19 0.00E+00 0.00E+00 5.52E-19
 3816.3 5.54E-19 0.00E+00 0.00E+00 5.54E-19
 3817.5 5.61E-19 0.00E+00 0.00E+00 5.61E-19
 3818.8 5.62E-19 0.00E+00 0.00E+00 5.62E-19
 3820.0 5.64E-19 0.00E+00 0.00E+00 5.64E-19
 3821.3 5.77E-19 0.00E+00 0.00E+00 5.77E-19
 3822.5 5.48E-19 0.00E+00 0.00E+00 5.48E-19
 3823.8 5.14E-19 0.00E+00 0.00E+00 5.14E-19
 3825.0 5.27E-19 0.00E+00 0.00E+00 5.27E-19
 3826.3 5.29E-19 0.00E+00 0.00E+00 5.29E-19
 3827.5 5.32E-19 0.00E+00 0.00E+00 5.32E-19
 3828.8 5.47E-19 0.00E+00 0.00E+00 5.47E-19
 3830.0 5.37E-19 0.00E+00 0.00E+00 5.37E-19
 3831.3 5.35E-19 0.00E+00 0.00E+00 5.35E-19
 3832.5 5.52E-19 0.00E+00 0.00E+00 5.52E-19
 3833.8 5.44E-19 0.00E+00 0.00E+00 5.44E-19
 3835.0 5.42E-19 0.00E+00 0.00E+00 5.42E-19
 3836.3 5.68E-19 0.00E+00 0.00E+00 5.68E-19
 3837.5 5.85E-19 0.00E+00 0.00E+00 5.85E-19
 3838.8 5.66E-19 0.00E+00 0.00E+00 5.66E-19
 3840.0 5.97E-19 0.00E+00 0.00E+00 5.97E-19
 3841.3 5.64E-19 0.00E+00 0.00E+00 5.64E-19
 3842.5 5.87E-19 0.00E+00 0.00E+00 5.87E-19
 3843.8 5.91E-19 0.00E+00 0.00E+00 5.91E-19
 3845.0 5.94E-19 0.00E+00 0.00E+00 5.94E-19
 3846.3 6.06E-19 0.00E+00 0.00E+00 6.06E-19
 3847.5 6.40E-19 0.00E+00 0.00E+00 6.40E-19
 3848.8 6.17E-19 0.00E+00 0.00E+00 6.17E-19
 3850.0 5.94E-19 0.00E+00 0.00E+00 5.94E-19
 3851.3 5.68E-19 0.00E+00 0.00E+00 5.68E-19
 3852.5 5.84E-19 0.00E+00 0.00E+00 5.84E-19
 3853.8 5.94E-19 0.00E+00 0.00E+00 5.94E-19
 3855.0 5.80E-19 0.00E+00 0.00E+00 5.80E-19
 3856.3 6.28E-19 0.00E+00 0.00E+00 6.28E-19
 3857.5 6.10E-19 0.00E+00 0.00E+00 6.10E-19
 3858.8 5.72E-19 0.00E+00 0.00E+00 5.72E-19
 3860.0 5.51E-19 0.00E+00 0.00E+00 5.51E-19
 3861.3 5.57E-19 0.00E+00 0.00E+00 5.57E-19
 3862.5 5.59E-19 0.00E+00 0.00E+00 5.59E-19
 3863.8 5.37E-19 0.00E+00 0.00E+00 5.37E-19
 3865.0 5.32E-19 0.00E+00 0.00E+00 5.32E-19
 3866.3 5.45E-19 0.00E+00 0.00E+00 5.45E-19
 3867.5 5.62E-19 0.00E+00 0.00E+00 5.62E-19
 3868.8 5.64E-19 0.00E+00 0.00E+00 5.64E-19
 3870.0 5.60E-19 0.00E+00 0.00E+00 5.60E-19
 3871.3 5.95E-19 0.00E+00 0.00E+00 5.95E-19
 3872.5 5.80E-19 0.00E+00 0.00E+00 5.80E-19
 3873.8 6.04E-19 0.00E+00 0.00E+00 6.04E-19
 3875.0 5.91E-19 0.00E+00 0.00E+00 5.91E-19
 3876.3 5.98E-19 0.00E+00 0.00E+00 5.98E-19
 3877.5 5.92E-19 0.00E+00 0.00E+00 5.92E-19
 3878.8 6.04E-19 0.00E+00 0.00E+00 6.04E-19
 3880.0 5.97E-19 0.00E+00 0.00E+00 5.97E-19
 3881.3 5.76E-19 0.00E+00 0.00E+00 5.76E-19
 3882.5 5.80E-19 0.00E+00 0.00E+00 5.80E-19
 3883.8 5.69E-19 0.00E+00 0.00E+00 5.69E-19
 3885.0 5.69E-19 0.00E+00 0.00E+00 5.69E-19
 3886.3 5.67E-19 0.00E+00 0.00E+00 5.67E-19
 3887.5 5.78E-19 0.00E+00 0.00E+00 5.78E-19
 3888.8 5.99E-19 0.00E+00 0.00E+00 5.99E-19
 3890.0 6.02E-19 0.00E+00 0.00E+00 6.02E-19
 3891.3 6.28E-19 0.00E+00 0.00E+00 6.28E-19
 3892.5 6.04E-19 0.00E+00 0.00E+00 6.04E-19
 3893.8 6.07E-19 0.00E+00 0.00E+00 6.07E-19
 3895.0 6.04E-19 0.00E+00 0.00E+00 6.04E-19
 3896.3 5.90E-19 0.00E+00 0.00E+00 5.90E-19
 3897.5 5.74E-19 0.00E+00 0.00E+00 5.74E-19
 3898.8 6.02E-19 0.00E+00 0.00E+00 6.02E-19
 3900.0 6.00E-19 0.00E+00 0.00E+00 6.00E-19
 3901.3 6.06E-19 0.00E+00 0.00E+00 6.06E-19
 3902.5 6.20E-19 0.00E+00 0.00E+00 6.20E-19
 3903.8 6.05E-19 0.00E+00 0.00E+00 6.05E-19
 3905.0 5.97E-19 0.00E+00 0.00E+00 5.97E-19
 3906.3 5.87E-19 0.00E+00 0.00E+00 5.87E-19
 3907.5 5.93E-19 0.00E+00 0.00E+00 5.93E-19
 3908.8 5.74E-19 0.00E+00 0.00E+00 5.74E-19
 3910.0 5.83E-19 0.00E+00 0.00E+00 5.83E-19
 3911.3 5.93E-19 0.00E+00 0.00E+00 5.93E-19
 3912.5 6.02E-19 0.00E+00 0.00E+00 6.02E-19
 3913.8 5.83E-19 0.00E+00 0.00E+00 5.83E-19
 3915.0 6.22E-19 0.00E+00 0.00E+00 6.22E-19
 3916.3 6.58E-19 0.00E+00 0.00E+00 6.58E-19
 3917.5 6.88E-19 0.00E+00 0.00E+00 6.88E-19
 3918.8 6.39E-19 0.00E+00 0.00E+00 6.39E-19
 3920.0 6.05E-19 0.00E+00 0.00E+00 6.05E-19
 3921.3 6.00E-19 0.00E+00 0.00E+00 6.00E-19
 3922.5 6.14E-19 0.00E+00 0.00E+00 6.14E-19
 3923.8 5.99E-19 0.00E+00 0.00E+00 5.99E-19
 3925.0 6.20E-19 0.00E+00 0.00E+00 6.20E-19
 3926.3 6.04E-19 0.00E+00 0.00E+00 6.04E-19
 3927.5 6.00E-19 0.00E+00 0.00E+00 6.00E-19
 3928.8 5.82E-19 0.00E+00 0.00E+00 5.82E-19
 3930.0 5.45E-19 0.00E+00 0.00E+00 5.45E-19
 3931.3 5.38E-19 0.00E+00 0.00E+00 5.38E-19
 3932.5 5.20E-19 0.00E+00 0.00E+00 5.20E-19
 3933.8 5.42E-19 0.00E+00 0.00E+00 5.42E-19
 3935.0 5.49E-19 0.00E+00 0.00E+00 5.49E-19
 3936.3 5.60E-19 0.00E+00 0.00E+00 5.60E-19
 3937.5 5.41E-19 0.00E+00 0.00E+00 5.41E-19
 3938.8 5.50E-19 0.00E+00 0.00E+00 5.50E-19
 3940.0 5.54E-19 0.00E+00 0.00E+00 5.54E-19
 3941.3 5.41E-19 0.00E+00 0.00E+00 5.41E-19
 3942.5 5.31E-19 0.00E+00 0.00E+00 5.31E-19
 3943.8 5.32E-19 0.00E+00 0.00E+00 5.32E-19
 3945.0 5.23E-19 0.00E+00 0.00E+00 5.23E-19
 3946.3 5.18E-19 0.00E+00 0.00E+00 5.18E-19
 3947.5 5.58E-19 0.00E+00 0.00E+00 5.58E-19
 3948.8 5.81E-19 0.00E+00 0.00E+00 5.81E-19
 3950.0 5.89E-19 0.00E+00 0.00E+00 5.89E-19
 3951.3 5.89E-19 0.00E+00 0.00E+00 5.89E-19
 3952.5 6.06E-19 0.00E+00 0.00E+00 6.06E-19
 3953.8 6.50E-19 0.00E+00 0.00E+00 6.50E-19
 3955.0 6.21E-19 0.00E+00 0.00E+00 6.21E-19
 3956.3 6.40E-19 0.00E+00 0.00E+00 6.40E-19
 3957.5 6.41E-19 0.00E+00 0.00E+00 6.41E-19
 3958.8 6.35E-19 0.00E+00 0.00E+00 6.35E-19
 3960.0 6.15E-19 0.00E+00 0.00E+00 6.15E-19
 3961.3 5.92E-19 0.00E+00 0.00E+00 5.92E-19
 3962.5 5.97E-19 0.00E+00 0.00E+00 5.97E-19
 3963.8 5.62E-19 0.00E+00 0.00E+00 5.62E-19
 3965.0 5.59E-19 0.00E+00 0.00E+00 5.59E-19
 3966.3 5.54E-19 0.00E+00 0.00E+00 5.54E-19
 3967.5 5.41E-19 0.00E+00 0.00E+00 5.41E-19
 3968.8 5.41E-19 0.00E+00 0.00E+00 5.41E-19
 3970.0 5.66E-19 0.00E+00 0.00E+00 5.66E-19
 3971.3 5.31E-19 0.00E+00 0.00E+00 5.31E-19
 3972.5 5.37E-19 0.00E+00 0.00E+00 5.37E-19
 3973.8 5.23E-19 0.00E+00 0.00E+00 5.23E-19
 3975.0 5.53E-19 0.00E+00 0.00E+00 5.53E-19
 3976.3 5.94E-19 0.00E+00 0.00E+00 5.94E-19
 3977.5 6.19E-19 0.00E+00 0.00E+00 6.19E-19
