0          References for Cross Section of NO3       Total   
Cross section:                                                                  
Lambda = 0.6-630. A                                                             
   Synthesized from atomic cross sections                                       
   Barfield, W. D., Koontz, G. D., Huebner W. F. (1972)                         
   J. Quant. Spectr. Rad. Trans. 12, 1409                                       
Lambda = 915.-3980. A                                                           
   Assumed to be the same cross section as NO2                                  
Lambda = 4000.-7030. A                                                          
   Graham, R. A., Johnston, H. S. (1978)                                        
   J. Chem. Phys. 82, 254                                                       
                                                                                
0          References for Cross Section of NO3       NO2/O   
Branching ratio:                                                                
Lambda = 5820.-6320. A                                                          
   Magnotta, F., Johnston, H. S. (1980)                                         
   Geophys. Res. Lett. 7, 769                                                   
                                                                                
0 Branching ratio for NO3      Total        2 branches
 Lambda  Total   NO2/O    NO/O2   
    0.6 5.30E-23 5.30E-23 0.00E+00
    1.1 5.10E-22 5.10E-22 0.00E+00
    2.4 4.20E-21 4.20E-21 0.00E+00
    6.2 6.40E-20 6.40E-20 0.00E+00
   12.6 4.70E-19 4.70E-19 0.00E+00
   22.6 2.50E-18 2.50E-18 0.00E+00
   23.6 5.20E-19 5.20E-19 0.00E+00
   24.6 5.80E-19 5.80E-19 0.00E+00
   29.1 9.20E-19 9.20E-19 0.00E+00
   30.4 2.60E-19 2.60E-19 0.00E+00
   62.1 1.40E-18 1.40E-18 0.00E+00
  121.7 5.70E-18 5.70E-18 0.00E+00
  248.6 2.10E-17 2.10E-17 0.00E+00
  625.8 5.30E-17 5.30E-17 0.00E+00
  915.0 4.50E-17 4.50E-17 0.00E+00
  940.0 3.00E-17 3.00E-17 0.00E+00
 1080.0 1.02E-17 1.02E-17 0.00E+00
 1100.0 1.42E-17 1.42E-17 0.00E+00
 1120.0 1.30E-17 1.30E-17 0.00E+00
 1140.0 1.22E-17 1.22E-17 0.00E+00
 1160.0 8.12E-18 8.12E-18 0.00E+00
 1180.0 8.53E-18 8.53E-18 0.00E+00
 1200.0 7.71E-18 7.71E-18 0.00E+00
 1220.0 1.12E-17 1.12E-17 0.00E+00
 1240.0 1.93E-17 1.93E-17 0.00E+00
 1260.0 3.25E-17 3.25E-17 0.00E+00
 1280.0 3.17E-17 3.17E-17 0.00E+00
 1300.0 1.46E-17 1.46E-17 0.00E+00
 1320.0 6.90E-18 6.90E-18 0.00E+00
 1340.0 1.26E-17 1.26E-17 0.00E+00
 1360.0 9.34E-18 9.34E-18 0.00E+00
 1380.0 1.12E-17 1.12E-17 0.00E+00
 1400.0 1.22E-17 1.22E-17 0.00E+00
 1420.0 1.42E-17 1.42E-17 0.00E+00
 1440.0 2.07E-17 2.07E-17 0.00E+00
 1460.0 1.34E-17 1.34E-17 0.00E+00
 1480.0 1.14E-17 1.14E-17 0.00E+00
 1500.0 1.18E-17 1.18E-17 0.00E+00
 1520.0 2.19E-17 2.19E-17 0.00E+00
 1540.0 1.68E-17 1.68E-17 0.00E+00
 1560.0 1.64E-17 1.64E-17 0.00E+00
 1580.0 1.54E-17 1.54E-17 0.00E+00
 1600.0 1.62E-17 1.62E-17 0.00E+00
 1650.0 1.71E-17 1.71E-17 0.00E+00
 1700.0 1.79E-17 1.79E-17 0.00E+00
 1750.0 1.14E-17 1.14E-17 0.00E+00
 1800.0 6.90E-18 6.90E-18 0.00E+00
 1850.0 2.60E-19 2.60E-19 0.00E+00
 1900.0 2.93E-19 2.93E-19 0.00E+00
 1950.0 2.42E-19 2.42E-19 0.00E+00
 2000.0 2.50E-19 2.50E-19 0.00E+00
 2050.0 3.75E-19 3.75E-19 0.00E+00
 2100.0 3.85E-19 3.85E-19 0.00E+00
 2150.0 4.02E-19 4.02E-19 0.00E+00
 2200.0 3.96E-19 3.96E-19 0.00E+00
 2250.0 3.24E-19 3.24E-19 0.00E+00
 2300.0 2.43E-19 2.43E-19 0.00E+00
 2350.0 1.48E-19 1.48E-19 0.00E+00
 2400.0 6.70E-20 6.70E-20 0.00E+00
 2415.0 6.09E-20 6.09E-20 0.00E+00
 2420.0 1.42E-19 1.42E-19 0.00E+00
 2445.0 8.12E-20 8.12E-20 0.00E+00
 2450.0 4.35E-20 4.35E-20 0.00E+00
 2460.0 1.14E-19 1.14E-19 0.00E+00
 2475.0 3.65E-20 3.65E-20 0.00E+00
 2490.0 1.18E-19 1.18E-19 0.00E+00
 2500.0 2.83E-20 2.83E-20 0.00E+00
 2530.0 3.65E-20 3.65E-20 0.00E+00
 2550.0 1.45E-20 1.45E-20 0.00E+00
 2600.0 1.90E-20 1.90E-20 0.00E+00
 2650.0 2.05E-20 2.05E-20 0.00E+00
 2700.0 3.13E-20 3.13E-20 0.00E+00
 2750.0 4.02E-20 4.02E-20 0.00E+00
 2800.0 5.54E-20 5.54E-20 0.00E+00
 2850.0 6.99E-20 6.99E-20 0.00E+00
 2900.0 8.18E-20 8.18E-20 0.00E+00
 2950.0 9.67E-20 9.67E-20 0.00E+00
 3000.0 1.17E-19 1.17E-19 0.00E+00
 3050.0 1.66E-19 1.66E-19 0.00E+00
 3100.0 1.76E-19 1.76E-19 0.00E+00
 3150.0 2.25E-19 2.25E-19 0.00E+00
 3200.0 2.54E-19 2.54E-19 0.00E+00
 3250.0 2.79E-19 2.79E-19 0.00E+00
 3300.0 2.99E-19 2.99E-19 0.00E+00
 3350.0 3.45E-19 3.45E-19 0.00E+00
 3400.0 3.88E-19 3.88E-19 0.00E+00
 3450.0 4.07E-19 4.07E-19 0.00E+00
 3500.0 4.10E-19 4.10E-19 0.00E+00
 3550.0 5.13E-19 5.13E-19 0.00E+00
 3600.0 4.51E-19 4.51E-19 0.00E+00
 3650.0 5.78E-19 5.78E-19 0.00E+00
 3700.0 5.42E-19 5.42E-19 0.00E+00
 3750.0 5.35E-19 5.35E-19 0.00E+00
 3800.0 5.99E-19 5.99E-19 0.00E+00
 3850.0 5.94E-19 5.94E-19 0.00E+00
 3900.0 6.00E-19 6.00E-19 0.00E+00
 3950.0 5.89E-19 5.89E-19 0.00E+00
 3980.0 6.40E-19 6.40E-19 0.00E+00
 4000.0 5.00E-21 5.00E-21 0.00E+00
 4010.0 1.00E-20 1.00E-20 0.00E+00
 4020.0 1.00E-20 1.00E-20 0.00E+00
 4030.0 3.00E-20 3.00E-20 0.00E+00
 4040.0 2.00E-20 2.00E-20 0.00E+00
 4050.0 5.00E-20 5.00E-20 0.00E+00
 4060.0 3.00E-20 3.00E-20 0.00E+00
 4070.0 1.00E-20 1.00E-20 0.00E+00
 4080.0 3.00E-20 3.00E-20 0.00E+00
 4090.0 5.00E-20 5.00E-20 0.00E+00
 4100.0 6.00E-20 6.00E-20 0.00E+00
 4110.0 5.00E-20 5.00E-20 0.00E+00
 4120.0 3.00E-20 3.00E-20 0.00E+00
 4130.0 7.00E-20 7.00E-20 0.00E+00
 4140.0 7.00E-20 7.00E-20 0.00E+00
 4150.0 6.00E-20 6.00E-20 0.00E+00
 4160.0 3.00E-20 3.00E-20 0.00E+00
 4170.0 4.00E-20 4.00E-20 0.00E+00
 4180.0 6.00E-20 6.00E-20 0.00E+00
 4190.0 9.00E-20 9.00E-20 0.00E+00
 4200.0 9.00E-20 9.00E-20 0.00E+00
 4210.0 9.00E-20 9.00E-20 0.00E+00
 4220.0 8.00E-20 8.00E-20 0.00E+00
 4230.0 1.00E-19 1.00E-19 0.00E+00
 4240.0 1.20E-19 1.20E-19 0.00E+00
 4250.0 1.30E-19 1.30E-19 0.00E+00
 4260.0 9.00E-20 9.00E-20 0.00E+00
 4270.0 8.00E-20 8.00E-20 0.00E+00
 4280.0 1.20E-19 1.20E-19 0.00E+00
 4290.0 1.20E-19 1.20E-19 0.00E+00
 4300.0 1.20E-19 1.20E-19 0.00E+00
 4310.0 1.50E-19 1.50E-19 0.00E+00
 4320.0 1.40E-19 1.40E-19 0.00E+00
 4330.0 1.50E-19 1.50E-19 0.00E+00
 4340.0 1.70E-19 1.70E-19 0.00E+00
 4350.0 2.10E-19 2.10E-19 0.00E+00
 4360.0 2.10E-19 2.10E-19 0.00E+00
 4370.0 1.80E-19 1.80E-19 0.00E+00
 4380.0 1.80E-19 1.80E-19 0.00E+00
 4390.0 2.10E-19 2.10E-19 0.00E+00
 4400.0 1.90E-19 1.90E-19 0.00E+00
 4410.0 1.90E-19 1.90E-19 0.00E+00
 4420.0 2.00E-19 2.00E-19 0.00E+00
 4430.0 1.90E-19 1.90E-19 0.00E+00
 4440.0 2.10E-19 2.10E-19 0.00E+00
 4450.0 2.30E-19 2.30E-19 0.00E+00
 4460.0 2.30E-19 2.30E-19 0.00E+00
 4470.0 2.50E-19 2.50E-19 0.00E+00
 4480.0 2.80E-19 2.80E-19 0.00E+00
 4490.0 2.80E-19 2.80E-19 0.00E+00
 4500.0 2.70E-19 2.70E-19 0.00E+00
 4510.0 2.80E-19 2.80E-19 0.00E+00
 4520.0 3.10E-19 3.10E-19 0.00E+00
 4530.0 3.20E-19 3.20E-19 0.00E+00
 4540.0 3.40E-19 3.40E-19 0.00E+00
 4550.0 3.50E-19 3.50E-19 0.00E+00
 4560.0 3.20E-19 3.20E-19 0.00E+00
 4570.0 3.40E-19 3.40E-19 0.00E+00
 4580.0 3.70E-19 3.70E-19 0.00E+00
 4590.0 3.90E-19 3.90E-19 0.00E+00
 4600.0 3.90E-19 3.90E-19 0.00E+00
 4610.0 3.60E-19 3.60E-19 0.00E+00
 4620.0 3.50E-19 3.50E-19 0.00E+00
 4630.0 3.80E-19 3.80E-19 0.00E+00
 4640.0 4.10E-19 4.10E-19 0.00E+00
 4650.0 4.50E-19 4.50E-19 0.00E+00
 4660.0 4.50E-19 4.50E-19 0.00E+00
 4670.0 4.80E-19 4.80E-19 0.00E+00
 4680.0 5.00E-19 5.00E-19 0.00E+00
 4690.0 5.20E-19 5.20E-19 0.00E+00
 4700.0 4.90E-19 4.90E-19 0.00E+00
 4710.0 5.00E-19 5.00E-19 0.00E+00
 4720.0 5.40E-19 5.40E-19 0.00E+00
 4730.0 5.50E-19 5.50E-19 0.00E+00
 4740.0 5.60E-19 5.60E-19 0.00E+00
 4750.0 5.90E-19 5.90E-19 0.00E+00
 4760.0 6.40E-19 6.40E-19 0.00E+00
 4770.0 6.80E-19 6.80E-19 0.00E+00
 4780.0 6.60E-19 6.60E-19 0.00E+00
 4790.0 6.40E-19 6.40E-19 0.00E+00
 4800.0 6.40E-19 6.40E-19 0.00E+00
 4810.0 6.50E-19 6.50E-19 0.00E+00
 4820.0 6.30E-19 6.30E-19 0.00E+00
 4830.0 6.10E-19 6.10E-19 0.00E+00
 4840.0 6.20E-19 6.20E-19 0.00E+00
 4850.0 6.60E-19 6.60E-19 0.00E+00
 4860.0 7.40E-19 7.40E-19 0.00E+00
 4870.0 8.00E-19 8.00E-19 0.00E+00
 4880.0 8.00E-19 8.00E-19 0.00E+00
 4890.0 8.60E-19 8.60E-19 0.00E+00
 4900.0 9.30E-19 9.30E-19 0.00E+00
 4910.0 9.20E-19 9.20E-19 0.00E+00
 4920.0 8.90E-19 8.90E-19 0.00E+00
 4930.0 8.90E-19 8.90E-19 0.00E+00
 4940.0 8.80E-19 8.80E-19 0.00E+00
 4950.0 9.10E-19 9.10E-19 0.00E+00
 4960.0 1.04E-18 1.04E-18 0.00E+00
 4970.0 1.12E-18 1.12E-18 0.00E+00
 4980.0 1.08E-18 1.08E-18 0.00E+00
 4990.0 1.03E-18 1.03E-18 0.00E+00
 5000.0 9.80E-19 9.80E-19 0.00E+00
 5010.0 9.40E-19 9.40E-19 0.00E+00
 5020.0 9.10E-19 9.10E-19 0.00E+00
 5030.0 9.50E-19 9.50E-19 0.00E+00
 5040.0 1.05E-18 1.05E-18 0.00E+00
 5050.0 1.16E-18 1.16E-18 0.00E+00
 5060.0 1.19E-18 1.19E-18 0.00E+00
 5070.0 1.14E-18 1.14E-18 0.00E+00
 5080.0 1.06E-18 1.06E-18 0.00E+00
 5090.0 1.12E-18 1.12E-18 0.00E+00
 5100.0 1.30E-18 1.30E-18 0.00E+00
 5110.0 1.51E-18 1.51E-18 0.00E+00
 5120.0 1.61E-18 1.61E-18 0.00E+00
 5130.0 1.51E-18 1.51E-18 0.00E+00
 5140.0 1.41E-18 1.41E-18 0.00E+00
 5150.0 1.40E-18 1.40E-18 0.00E+00
 5160.0 1.40E-18 1.40E-18 0.00E+00
 5170.0 1.30E-18 1.30E-18 0.00E+00
 5180.0 1.21E-18 1.21E-18 0.00E+00
 5190.0 1.28E-18 1.28E-18 0.00E+00
 5200.0 1.44E-18 1.44E-18 0.00E+00
 5210.0 1.58E-18 1.58E-18 0.00E+00
 5220.0 1.72E-18 1.72E-18 0.00E+00
 5230.0 1.66E-18 1.66E-18 0.00E+00
 5240.0 1.50E-18 1.50E-18 0.00E+00
 5250.0 1.38E-18 1.38E-18 0.00E+00
 5260.0 1.37E-18 1.37E-18 0.00E+00
 5270.0 1.51E-18 1.51E-18 0.00E+00
 5280.0 1.79E-18 1.79E-18 0.00E+00
 5290.0 2.10E-18 2.10E-18 0.00E+00
 5300.0 2.09E-18 2.09E-18 0.00E+00
 5310.0 1.91E-18 1.91E-18 0.00E+00
 5320.0 1.81E-18 1.81E-18 0.00E+00
 5330.0 1.73E-18 1.73E-18 0.00E+00
 5340.0 1.77E-18 1.77E-18 0.00E+00
 5350.0 2.02E-18 2.02E-18 0.00E+00
 5360.0 2.32E-18 2.32E-18 0.00E+00
 5370.0 2.38E-18 2.38E-18 0.00E+00
 5380.0 2.11E-18 2.11E-18 0.00E+00
 5390.0 1.88E-18 1.88E-18 0.00E+00
 5400.0 1.81E-18 1.81E-18 0.00E+00
 5410.0 1.68E-18 1.68E-18 0.00E+00
 5420.0 1.68E-18 1.68E-18 0.00E+00
 5430.0 1.43E-18 1.43E-18 0.00E+00
 5440.0 1.39E-18 1.39E-18 0.00E+00
 5450.0 1.62E-18 1.62E-18 0.00E+00
 5460.0 2.04E-18 2.04E-18 0.00E+00
 5470.0 2.56E-18 2.56E-18 0.00E+00
 5480.0 2.75E-18 2.75E-18 0.00E+00
 5490.0 2.49E-18 2.49E-18 0.00E+00
 5500.0 2.24E-18 2.24E-18 0.00E+00
 5510.0 2.14E-18 2.14E-18 0.00E+00
 5520.0 2.16E-18 2.16E-18 0.00E+00
 5530.0 2.22E-18 2.22E-18 0.00E+00
 5540.0 2.45E-18 2.45E-18 0.00E+00
 5550.0 2.78E-18 2.78E-18 0.00E+00
 5560.0 2.95E-18 2.95E-18 0.00E+00
 5570.0 3.00E-18 3.00E-18 0.00E+00
 5580.0 3.17E-18 3.17E-18 0.00E+00
 5590.0 3.43E-18 3.43E-18 0.00E+00
 5600.0 3.23E-18 3.23E-18 0.00E+00
 5610.0 2.85E-18 2.85E-18 0.00E+00
 5620.0 2.68E-18 2.68E-18 0.00E+00
 5630.0 2.59E-18 2.59E-18 0.00E+00
 5640.0 2.48E-18 2.48E-18 0.00E+00
 5650.0 2.47E-18 2.47E-18 0.00E+00
 5660.0 2.58E-18 2.58E-18 0.00E+00
 5670.0 2.55E-18 2.55E-18 0.00E+00
 5680.0 2.57E-18 2.57E-18 0.00E+00
 5690.0 2.63E-18 2.63E-18 0.00E+00
 5700.0 2.53E-18 2.53E-18 0.00E+00
 5710.0 2.51E-18 2.51E-18 0.00E+00
 5720.0 2.48E-18 2.48E-18 0.00E+00
 5730.0 2.47E-18 2.47E-18 0.00E+00
 5740.0 2.55E-18 2.55E-18 0.00E+00
 5750.0 2.70E-18 2.70E-18 0.00E+00
 5760.0 2.92E-18 2.92E-18 0.00E+00
 5770.0 3.05E-18 3.05E-18 0.00E+00
 5780.0 3.03E-18 3.03E-18 0.00E+00
 5790.0 2.94E-18 2.94E-18 0.00E+00
 5800.0 2.99E-18 2.99E-18 0.00E+00
 5810.0 3.20E-18 2.88E-18 3.20E-19
 5820.0 3.10E-18 2.48E-18 6.20E-19
 5830.0 2.68E-18 1.88E-18 8.04E-19
 5840.0 2.47E-18 1.48E-18 9.88E-19
 5850.0 2.46E-18 1.23E-18 1.23E-18
 5860.0 2.75E-18 1.10E-18 1.65E-18
 5870.0 3.48E-18 1.04E-18 2.44E-18
 5880.0 4.48E-18 8.96E-19 3.58E-18
 5890.0 5.52E-18 5.52E-19 4.97E-18
 5900.0 5.67E-18 0.00E+00 5.67E-18
 5910.0 5.19E-18 0.00E+00 5.19E-18
 5920.0 4.83E-18 0.00E+00 4.83E-18
 5930.0 4.32E-18 0.00E+00 4.32E-18
 5940.0 3.92E-18 0.00E+00 3.92E-18
 5950.0 3.91E-18 0.00E+00 3.91E-18
 5960.0 4.16E-18 0.00E+00 4.16E-18
 5970.0 4.09E-18 0.00E+00 4.09E-18
 5980.0 3.54E-18 0.00E+00 3.54E-18
 5990.0 2.89E-18 0.00E+00 2.89E-18
 6000.0 2.45E-18 0.00E+00 2.45E-18
 6010.0 2.45E-18 0.00E+00 2.45E-18
 6020.0 2.84E-18 0.00E+00 2.84E-18
 6030.0 3.39E-18 0.00E+00 3.39E-18
 6040.0 4.00E-18 0.00E+00 4.00E-18
 6050.0 4.18E-18 0.00E+00 4.18E-18
 6060.0 3.38E-18 0.00E+00 3.38E-18
 6070.0 2.32E-18 0.00E+00 2.32E-18
 6080.0 1.59E-18 0.00E+00 1.59E-18
 6090.0 1.33E-18 0.00E+00 1.33E-18
 6100.0 1.35E-18 0.00E+00 1.35E-18
 6110.0 1.43E-18 0.00E+00 1.43E-18
 6120.0 1.69E-18 0.00E+00 1.69E-18
 6130.0 2.17E-18 0.00E+00 2.17E-18
 6140.0 2.24E-18 0.00E+00 2.24E-18
 6150.0 1.99E-18 0.00E+00 1.99E-18
 6160.0 1.74E-18 0.00E+00 1.74E-18
 6170.0 1.67E-18 0.00E+00 1.67E-18
 6180.0 1.83E-18 0.00E+00 1.83E-18
 6190.0 2.02E-18 0.00E+00 2.02E-18
 6200.0 2.47E-18 0.00E+00 2.47E-18
 6210.0 3.98E-18 0.00E+00 3.98E-18
 6220.0 7.61E-18 0.00E+00 7.61E-18
 6230.0 1.20E-17 0.00E+00 1.20E-17
 6240.0 1.17E-17 0.00E+00 1.17E-17
 6250.0 8.65E-18 0.00E+00 8.65E-18
 6260.0 7.00E-18 0.00E+00 7.00E-18
 6270.0 6.90E-18 0.00E+00 6.90E-18
 6280.0 6.89E-18 0.00E+00 6.89E-18
 6290.0 6.70E-18 0.00E+00 6.70E-18
 6300.0 6.41E-18 0.00E+00 6.41E-18
 6310.0 5.02E-18 0.00E+00 5.02E-18
 6320.0 3.27E-18 0.00E+00 3.27E-18
 6330.0 1.99E-18 0.00E+00 1.99E-18
 6340.0 1.32E-18 0.00E+00 1.32E-18
 6350.0 1.06E-18 0.00E+00 1.06E-18
 6360.0 1.23E-18 0.00E+00 1.23E-18
 6370.0 1.64E-18 0.00E+00 1.64E-18
 6380.0 1.76E-18 0.00E+00 1.76E-18
 6390.0 1.34E-18 0.00E+00 1.34E-18
 6400.0 9.80E-19 0.00E+00 9.80E-19
 6410.0 7.80E-19 0.00E+00 7.80E-19
 6420.0 6.80E-19 0.00E+00 6.80E-19
 6430.0 6.90E-19 0.00E+00 6.90E-19
 6440.0 7.10E-19 0.00E+00 7.10E-19
 6450.0 6.70E-19 0.00E+00 6.70E-19
 6460.0 5.60E-19 0.00E+00 5.60E-19
 6470.0 4.90E-19 0.00E+00 4.90E-19
 6480.0 4.80E-19 0.00E+00 4.80E-19
 6490.0 3.70E-19 0.00E+00 3.70E-19
 6500.0 3.20E-19 0.00E+00 3.20E-19
 6510.0 3.30E-19 0.00E+00 3.30E-19
 6520.0 3.90E-19 0.00E+00 3.90E-19
 6530.0 4.70E-19 0.00E+00 4.70E-19
 6540.0 5.70E-19 0.00E+00 5.70E-19
 6550.0 6.90E-19 0.00E+00 6.90E-19
 6560.0 8.90E-19 0.00E+00 8.90E-19
 6570.0 1.18E-18 0.00E+00 1.18E-18
 6580.0 1.68E-18 0.00E+00 1.68E-18
 6590.0 2.76E-18 0.00E+00 2.76E-18
 6600.0 5.12E-18 0.00E+00 5.12E-18
 6610.0 1.02E-17 0.00E+00 1.02E-17
 6620.0 1.71E-17 0.00E+00 1.71E-17
 6630.0 1.70E-17 0.00E+00 1.70E-17
 6640.0 1.15E-17 0.00E+00 1.15E-17
 6650.0 7.35E-18 0.00E+00 7.35E-18
 6660.0 4.86E-18 0.00E+00 4.86E-18
 6670.0 2.97E-18 0.00E+00 2.97E-18
 6680.0 1.75E-18 0.00E+00 1.75E-18
 6690.0 1.07E-18 0.00E+00 1.07E-18
 6700.0 7.50E-19 0.00E+00 7.50E-19
 6710.0 6.00E-19 0.00E+00 6.00E-19
 6720.0 5.70E-19 0.00E+00 5.70E-19
 6730.0 4.70E-19 0.00E+00 4.70E-19
 6740.0 3.60E-19 0.00E+00 3.60E-19
 6750.0 3.00E-19 0.00E+00 3.00E-19
 6760.0 3.10E-19 0.00E+00 3.10E-19
 6770.0 4.00E-19 0.00E+00 4.00E-19
 6780.0 5.50E-19 0.00E+00 5.50E-19
 6790.0 5.90E-19 0.00E+00 5.90E-19
 6800.0 4.90E-19 0.00E+00 4.90E-19
 6810.0 3.50E-19 0.00E+00 3.50E-19
 6820.0 2.50E-19 0.00E+00 2.50E-19
 6830.0 1.60E-19 0.00E+00 1.60E-19
 6840.0 9.00E-20 0.00E+00 9.00E-20
 6850.0 5.00E-20 0.00E+00 5.00E-20
 6860.0 3.00E-20 0.00E+00 3.00E-20
 6870.0 2.00E-20 0.00E+00 2.00E-20
 6880.0 4.00E-20 0.00E+00 4.00E-20
 6890.0 2.00E-20 0.00E+00 2.00E-20
 6900.0 1.00E-20 0.00E+00 1.00E-20
 6910.0 5.00E-21 0.00E+00 5.00E-21
 6920.0 5.00E-21 0.00E+00 5.00E-21
 6930.0 1.00E-20 0.00E+00 1.00E-20
 6940.0 1.00E-20 0.00E+00 1.00E-20
 6950.0 2.00E-20 0.00E+00 2.00E-20
 6960.0 4.00E-20 0.00E+00 4.00E-20
 6970.0 4.00E-20 0.00E+00 4.00E-20
 6980.0 4.00E-20 0.00E+00 4.00E-20
 6990.0 4.00E-20 0.00E+00 4.00E-20
 7000.0 3.00E-20 0.00E+00 3.00E-20
 7010.0 2.00E-20 0.00E+00 2.00E-20
 7020.0 2.00E-20 0.00E+00 2.00E-20
 7030.0 1.00E-20 0.00E+00 1.00E-20
90000.0 1.00E-35 0.00E+00 1.00E-35
