 #layer COS S2 O3 O2 NO2 NO HSO HO2 HSO2 HSO3 CS2 CH4O3S CO H O N S SO2 SO4 CS N2 CO2 SCSOH OH H2 H2SO4 SO3 H2S H2O SH SO CS2E CH3SCH3
    1  0.12847754E+011  0.42003372E+005  0.67700000E+012  0.50000000E+019  0.13700000E+010  0.00000000E+000  0.61125020E+000  0.60600000E+009  0.17044406E-003  0.64518128E-002  0.66209086E+008  0.73672011E+012  0.13000000E+013  0.00000000E+000  0.81100000E+003  0.00000000E+000  0.13939902E-008  0.71035349E+010  0.53276886E+008  0.28240137E+002  0.18300000E+020  0.84600000E+016  0.18322455E-005  0.18100000E+007  0.00000000E+000  0.14719487E+010  0.78791336E+002  0.50311748E+009  0.15000000E+018  0.21916377E+002  0.19701115E+000  0.72043828E-005  0.17541972E+010
    2  0.11244911E+011  0.36170148E+005  0.61700000E+012  0.44100000E+019  0.10000000E+010  0.00000000E+000  0.20489010E+000  0.46400000E+009  0.85098857E-004  0.39833607E-002  0.32949031E+008  0.64313282E+012  0.13000000E+013  0.00000000E+000  0.91200000E+003  0.00000000E+000  0.85854480E-009  0.54767333E+010  0.51148386E+008  0.16095751E+002  0.16000000E+020  0.66000000E+016  0.91480161E-006  0.12500000E+007  0.00000000E+000  0.10582742E+010  0.66916414E+002  0.21111684E+009  0.89500000E+017  0.68795351E+001  0.81815159E-001  0.41054095E-005  0.58426131E+009
    3  0.98279528E+010  0.30788589E+005  0.57400000E+012  0.38600000E+019  0.69600000E+009  0.00000000E+000  0.81002012E-001  0.37600000E+009  0.43516862E-004  0.24682151E-002  0.16528735E+008  0.56086706E+012  0.13000000E+013  0.00000000E+000  0.10600000E+004  0.00000000E+000  0.56932533E-009  0.40035518E+010  0.52337960E+008  0.92572049E+001  0.14000000E+020  0.57800000E+016  0.46780160E-006  0.91300000E+006  0.00000000E+000  0.74661370E+009  0.62386391E+002  0.97526368E+008  0.49700000E+017  0.26095572E+001  0.40586642E-001  0.23602170E-005  0.21162109E+009
    4  0.85460906E+010  0.25841140E+005  0.56600000E+012  0.33500000E+019  0.50800000E+009  0.00000000E+000  0.39761375E-001  0.22700000E+009  0.28647237E-004  0.19973143E-002  0.79177748E+007  0.48679756E+012  0.13000000E+013  0.00000000E+000  0.13000000E+004  0.00000000E+000  0.39480452E-009  0.28565973E+010  0.54388419E+008  0.51103609E+001  0.12200000E+020  0.50200000E+016  0.30795650E-006  0.87500000E+006  0.00000000E+000  0.54983499E+009  0.82350973E+002  0.46576670E+008  0.25200000E+017  0.13252041E+001  0.26669784E-001  0.13020787E-005  0.74634764E+008
    5  0.74606165E+010  0.21587446E+005  0.56600000E+012  0.28900000E+019  0.41200000E+009  0.00000000E+000  0.21865016E-001  0.18400000E+009  0.17867729E-004  0.16462072E-002  0.36498139E+007  0.42427169E+012  0.13000000E+013  0.00000000E+000  0.16500000E+004  0.00000000E+000  0.29508873E-009  0.20340023E+010  0.57034890E+008  0.27057960E+001  0.10700000E+020  0.43400000E+016  0.19207758E-006  0.85700000E+006  0.00000000E+000  0.41541448E+009  0.11402476E+003  0.22720280E+008  0.12500000E+017  0.73176173E+000  0.18318199E-001  0.68868245E-006  0.25917428E+008
    6  0.64769527E+010  0.17776693E+005  0.61400000E+012  0.24800000E+019  0.38100000E+009  0.00000000E+000  0.12486336E-001  0.12900000E+009  0.11021247E-004  0.14056438E-002  0.15933403E+007  0.36779513E+012  0.12800000E+013  0.00000000E+000  0.22400000E+004  0.00000000E+000  0.24818755E-009  0.14439796E+010  0.59473133E+008  0.13653330E+001  0.93300000E+019  0.37100000E+016  0.11847824E-006  0.85700000E+006  0.00000000E+000  0.31875399E+009  0.15923515E+003  0.11235442E+008  0.63100000E+016  0.41051579E+000  0.13494607E-001  0.34692139E-006  0.87652645E+007
    7  0.56212639E+010  0.14496130E+005  0.74800000E+012  0.21100000E+019  0.37100000E+009  0.00000000E+000  0.73307451E-002  0.10100000E+009  0.61318705E-005  0.11625323E-002  0.67280129E+006  0.31878150E+012  0.12400000E+013  0.00000000E+000  0.35300000E+004  0.00000000E+000  0.27166285E-009  0.10356288E+010  0.61902837E+008  0.66828760E+000  0.81500000E+019  0.31600000E+016  0.65917550E-007  0.82100000E+006  0.00000000E+000  0.24691204E+009  0.22641505E+003  0.57024029E+007  0.30200000E+016  0.23826164E+000  0.10579869E-001  0.16914309E-006  0.29713200E+007
    8  0.48655569E+010  0.11676393E+005  0.91700000E+012  0.17700000E+019  0.37100000E+009  0.00000000E+000  0.45082838E-002  0.72900000E+008  0.33975895E-005  0.99076559E-003  0.27637819E+006  0.27558879E+012  0.12000000E+013  0.00000000E+000  0.55300000E+004  0.00000000E+000  0.33116462E-009  0.75257291E+009  0.64162017E+008  0.31986157E+000  0.71200000E+019  0.26500000E+016  0.36524070E-007  0.77800000E+006  0.00000000E+000  0.19259885E+009  0.45134362E+003  0.29971935E+007  0.10400000E+016  0.14070568E+000  0.96117360E-002  0.80498111E-007  0.10207568E+007
    9  0.42096636E+010  0.92753146E+004  0.12400000E+013  0.14800000E+019  0.38100000E+009  0.00000000E+000  0.29438728E-002  0.59200000E+008  0.17989068E-005  0.85081581E-003  0.11106228E+006  0.23815621E+012  0.11700000E+013  0.00000000E+000  0.97500000E+004  0.00000000E+000  0.49352423E-009  0.55329594E+009  0.66938255E+008  0.15087786E+000  0.62200000E+019  0.22200000E+016  0.19338242E-007  0.73800000E+006  0.00000000E+000  0.15123071E+009  0.81646312E+003  0.16234095E+007  0.39800000E+015  0.89086878E-001  0.10718891E-001  0.37522383E-007  0.35338653E+006
   10  0.36298891E+010  0.70568403E+004  0.16000000E+013  0.12200000E+019  0.40200000E+009  0.00000000E+000  0.20820824E-002  0.52500000E+008  0.86355653E-006  0.77546038E-003  0.37569494E+005  0.20505384E+012  0.11000000E+013  0.00000000E+000  0.16900000E+005  0.00000000E+000  0.73882847E-009  0.39483416E+009  0.73721030E+008  0.60668334E-001  0.54300000E+019  0.18500000E+016  0.92832298E-008  0.76200000E+006  0.00000000E+000  0.11717171E+009  0.12512007E+004  0.81838583E+006  0.18900000E+015  0.63108434E-001  0.14393545E-001  0.14790372E-007  0.10263297E+006
   11  0.31499832E+010  0.47969075E+004  0.19600000E+013  0.10400000E+019  0.45800000E+009  0.00000000E+000  0.13206289E-002  0.46600000E+008  0.24966532E-006  0.61276931E-003  0.81152956E+004  0.17749205E+012  0.10000000E+013  0.00000000E+000  0.27100000E+005  0.00000000E+000  0.91225279E-009  0.25569262E+009  0.95448859E+008  0.15566223E-001  0.47500000E+019  0.15400000E+016  0.26839010E-008  0.78600000E+006  0.00000000E+000  0.85360885E+008  0.16091663E+004  0.32177985E+006  0.96400000E+014  0.39879170E-001  0.19450543E-001  0.36983612E-008  0.18437329E+005
   12  0.27152254E+010  0.25200452E+004  0.22100000E+013  0.87900000E+018  0.61000000E+009  0.00000000E+000  0.87138639E-003  0.43900000E+008  0.36836143E-007  0.38076715E-003  0.98657381E+003  0.15229255E+012  0.90000000E+012  0.00000000E+000  0.41700000E+005  0.00000000E+000  0.86216632E-009  0.13853022E+009  0.14770438E+009  0.22873001E-002  0.41500000E+019  0.13100000E+016  0.39598788E-009  0.78600000E+006  0.00000000E+000  0.52215912E+008  0.15867273E+004  0.84892368E+005  0.51000000E+014  0.29015799E-001  0.27382359E-001  0.52271743E-009  0.17414552E+004
   13  0.23194483E+010  0.88635205E+003  0.24200000E+013  0.74400000E+018  0.85800000E+009  0.00000000E+000  0.67324434E-003  0.42600000E+008  0.31004289E-008  0.18667392E-003  0.71419686E+002  0.12916880E+012  0.80000000E+012  0.00000000E+000  0.62600000E+005  0.00000000E+000  0.53630808E-009  0.61949977E+008  0.25056291E+009  0.20341433E-003  0.36200000E+019  0.11100000E+016  0.33329314E-010  0.75400000E+006  0.00000000E+000  0.29215436E+003  0.12128522E+004  0.15090630E+005  0.27500000E+014  0.24246042E-001  0.39225643E-001  0.44092503E-010  0.89535222E+002
   14  0.19588006E+010  0.18836264E+003  0.27300000E+013  0.62800000E+018  0.10900000E+010  0.00000000E+000  0.57238955E-003  0.42600000E+008  0.17642442E-009  0.76862205E-004  0.36428545E+001  0.10814625E+012  0.66000000E+012  0.00000000E+000  0.97200000E+005  0.00000000E+000  0.20962168E-009  0.24303715E+008  0.27206098E+009  0.13137647E-004  0.31600000E+019  0.94100000E+015  0.18964402E-011  0.69200000E+006  0.00000000E+000  0.32281712E+003  0.47776911E+003  0.20356433E+004  0.24100000E+014  0.21608681E-001  0.58892716E-001  0.26230710E-011  0.28158580E+001
   15  0.16342063E+010  0.24867789E+002  0.30500000E+013  0.52900000E+018  0.13400000E+010  0.00000000E+000  0.51368333E-003  0.45200000E+008  0.84672720E-011  0.31875665E-004  0.15295606E+000  0.89565183E+011  0.50300000E+012  0.00000000E+000  0.15000000E+006  0.00000000E+000  0.51706515E-010  0.93974556E+007  0.27430367E+009  0.72214005E-006  0.27600000E+019  0.79600000E+015  0.90970509E-013  0.64900000E+006  0.00000000E+000  0.43779438E+003  0.19116303E+003  0.23758006E+003  0.20900000E+014  0.19739365E-001  0.88215790E-001  0.12864855E-012  0.60516501E-001
   16  0.13481131E+010  0.20954196E+001  0.33400000E+013  0.45200000E+018  0.16500000E+010  0.00000000E+000  0.48991793E-003  0.48000000E+008  0.36244062E-012  0.15049183E-004  0.56175944E-002  0.73645735E+011  0.34800000E+012  0.00000000E+000  0.22800000E+006  0.00000000E+000  0.16509052E-010  0.40470728E+007  0.27006885E+009  0.35908221E-007  0.24100000E+019  0.68000000E+015  0.38680483E-014  0.64200000E+006  0.00000000E+000  0.59593467E+003  0.88582432E+002  0.24835265E+002  0.18200000E+014  0.18958200E-001  0.12754036E+000  0.55169409E-014  0.91312963E-003
   17  0.11005880E+010  0.11348081E+000  0.38100000E+013  0.38600000E+018  0.18800000E+010  0.00000000E+000  0.48382213E-003  0.52500000E+008  0.16420583E-013  0.96828590E-005  0.18757006E-003  0.60341942E+011  0.22000000E+012  0.00000000E+000  0.36200000E+006  0.00000000E+000  0.59761905E-010  0.22798627E+007  0.25978535E+009  0.17308542E-008  0.21100000E+019  0.58000000E+015  0.15618332E-015  0.66300000E+006  0.00000000E+000  0.80506354E+003  0.56090770E+002  0.24183979E+001  0.15800000E+014  0.17733480E-001  0.19045790E+000  0.21501877E-015  0.96698660E-005
   18  0.88484145E+009  0.41622968E-002  0.41900000E+013  0.33000000E+018  0.20300000E+010  0.00000000E+000  0.50128805E-003  0.54100000E+008  0.22811115E-014  0.88612859E-005  0.56283565E-005  0.49138856E+011  0.16600000E+012  0.00000000E+000  0.55800000E+006  0.00000000E+000  0.31373753E-009  0.17192399E+007  0.24538781E+009  0.77761301E-010  0.18400000E+019  0.49600000E+015  0.60358082E-017  0.73000000E+006  0.00000000E+000  0.11308325E+004  0.47189593E+002  0.21820979E+000  0.14700000E+014  0.16957236E-001  0.27197776E+000  0.75771184E-017  0.73321734E-007
   19  0.70519191E+009  0.10819398E-003  0.45100000E+013  0.28100000E+018  0.22000000E+010  0.00000000E+000  0.52807975E-003  0.57400000E+008  0.19696207E-014  0.10011782E-004  0.15521015E-006  0.40102985E+011  0.11500000E+012  0.00000000E+000  0.85200000E+006  0.00000000E+000  0.13944455E-008  0.15639625E+007  0.23035733E+009  0.33385649E-011  0.16100000E+019  0.42400000E+015  0.21983754E-018  0.82100000E+006  0.00000000E+000  0.15608014E+004  0.45424334E+002  0.18685926E-001  0.14700000E+014  0.16078603E-001  0.38284807E+000  0.24549230E-018  0.41122934E-009
   20  0.55763919E+009  0.21249752E-005  0.46700000E+013  0.24000000E+018  0.23200000E+010  0.00000000E+000  0.58044808E-003  0.59200000E+008  0.22962031E-014  0.12731569E-004  0.39035144E-008  0.32858182E+011  0.89800000E+011  0.00000000E+000  0.12600000E+007  0.00000000E+000  0.52594803E-008  0.15252700E+007  0.21314921E+009  0.13204900E-012  0.14100000E+019  0.36200000E+015  0.76797737E-020  0.97400000E+006  0.00000000E+000  0.22108714E+004  0.48694729E+002  0.15106812E-002  0.14900000E+014  0.15914904E-001  0.51817744E+000  0.72633564E-020  0.17876627E-011
   21  0.43654284E+009  0.32481938E-007  0.47700000E+013  0.20800000E+018  0.24400000E+010  0.00000000E+000  0.61324898E-003  0.62800000E+008  0.32507148E-014  0.15786502E-004  0.94775881E-010  0.26990582E+011  0.65200000E+011  0.00000000E+000  0.18300000E+007  0.00000000E+000  0.16887864E-007  0.15600064E+007  0.19304293E+009  0.51037713E-014  0.12300000E+019  0.31400000E+015  0.23895072E-021  0.11100000E+007  0.00000000E+000  0.39709445E+004  0.48799095E+002  0.12028677E-003  0.16100000E+014  0.15167564E-001  0.67623069E+000  0.20808275E-021  0.62494662E-014
   22  0.33797507E+009  0.38762779E-009  0.48700000E+013  0.18100000E+018  0.25100000E+010  0.00000000E+000  0.64054574E-003  0.64700000E+008  0.44575299E-014  0.19586169E-004  0.22038498E-011  0.22223042E+011  0.49700000E+011  0.00000000E+000  0.26700000E+007  0.00000000E+000  0.47996818E-007  0.15990565E+007  0.17262215E+009  0.19330934E-015  0.10700000E+019  0.27200000E+015  0.71206094E-023  0.12700000E+007  0.00000000E+000  0.80310312E+004  0.49699645E+002  0.94786489E-005  0.17200000E+014  0.14098481E-001  0.88195349E+000  0.57290178E-023  0.17550546E-016
   23  0.26071820E+009  0.37000003E-011  0.48000000E+013  0.15700000E+018  0.25100000E+010  0.00000000E+000  0.73153223E-003  0.68700000E+008  0.61461143E-014  0.25936612E-004  0.46091106E-013  0.18490622E+011  0.38900000E+011  0.00000000E+000  0.38300000E+007  0.00000000E+000  0.12500908E-006  0.15957490E+007  0.15258133E+009  0.66453597E-017  0.93800000E+018  0.23700000E+015  0.20952374E-024  0.15900000E+007  0.00000000E+000  0.18701196E+005  0.53176609E+002  0.69287492E-006  0.18600000E+014  0.14569793E-001  0.11562286E+001  0.14127664E-024  0.40068878E-019
   24  0.19842217E+009  0.28894783E-013  0.46300000E+013  0.13700000E+018  0.25700000E+010  0.00000000E+000  0.81876509E-003  0.68700000E+008  0.77630704E-014  0.33390873E-004  0.85906307E-015  0.15410253E+011  0.31900000E+011  0.00000000E+000  0.53300000E+007  0.00000000E+000  0.29230376E-006  0.15599648E+007  0.13437725E+009  0.20134488E-018  0.81900000E+018  0.20600000E+015  0.54604759E-026  0.19900000E+007  0.00000000E+000  0.37801360E+005  0.56520387E+002  0.46642003E-007  0.19800000E+014  0.15007990E-001  0.14963267E+001  0.31155120E-026  0.75920565E-022
   25  0.14907089E+009  0.18309979E-015  0.44100000E+013  0.11900000E+018  0.25700000E+010  0.00000000E+000  0.91195960E-003  0.70700000E+008  0.10069297E-013  0.43040835E-004  0.14004893E-016  0.12896447E+011  0.25000000E+011  0.00000000E+000  0.74500000E+007  0.00000000E+000  0.62524291E-006  0.15163691E+007  0.11636683E+009  0.54892914E-020  0.71600000E+018  0.18000000E+015  0.12552838E-027  0.25000000E+007  0.00000000E+000  0.71201542E+005  0.59807907E+002  0.28637934E-008  0.21100000E+014  0.15425232E-001  0.20188051E+001  0.60089947E-028  0.11833793E-024
   26  0.11007908E+009  0.95106861E-018  0.41400000E+013  0.10400000E+018  0.25100000E+010  0.00000000E+000  0.10075518E-002  0.72900000E+008  0.12876829E-013  0.55411343E-004  0.19458685E-018  0.10822034E+011  0.20000000E+011  0.00000000E+000  0.10200000E+008  0.00000000E+000  0.12102979E-005  0.14608711E+007  0.99814979E+008  0.12696029E-021  0.62500000E+018  0.15700000E+015  0.24829838E-029  0.31900000E+007  0.00000000E+000  0.12500178E+006  0.66807057E+002  0.15615798E-009  0.21400000E+014  0.15971534E-001  0.27728963E+001  0.98808467E-030  0.15285161E-027
   27  0.79809541E+008  0.41706428E-020  0.37500000E+013  0.90800000E+017  0.25100000E+010  0.00000000E+000  0.10397813E-002  0.72900000E+008  0.16071316E-013  0.68179279E-004  0.23668608E-020  0.91141854E+010  0.15600000E+011  0.00000000E+000  0.13600000E+008  0.00000000E+000  0.21489245E-005  0.14163736E+007  0.84797836E+008  0.25609654E-023  0.54600000E+018  0.13700000E+015  0.40923124E-031  0.38700000E+007  0.00000000E+000  0.22000202E+006  0.80133836E+002  0.78852640E-011  0.19300000E+014  0.15933288E-001  0.39440922E+001  0.14208987E-031  0.16861417E-030
   28  0.56593941E+008  0.15362609E-022  0.34000000E+013  0.79400000E+017  0.24400000E+010  0.00000000E+000  0.10576429E-002  0.70700000E+008  0.19285108E-013  0.83833939E-004  0.24620580E-022  0.76992508E+010  0.12500000E+011  0.00000000E+000  0.18200000E+008  0.00000000E+000  0.34618627E-005  0.13649229E+007  0.70540859E+008  0.44548130E-025  0.47700000E+018  0.12000000E+015  0.58146654E-033  0.47400000E+007  0.00000000E+000  0.42800219E+006  0.95684549E+002  0.36318012E-012  0.17500000E+014  0.15651433E-001  0.57772874E+001  0.17441499E-033  0.15755806E-033
   29  0.38960157E+008  0.46744780E-025  0.31000000E+013  0.69500000E+017  0.23200000E+010  0.00000000E+000  0.10546982E-002  0.68700000E+008  0.22915427E-013  0.10280441E-003  0.21139143E-024  0.65220195E+010  0.10000000E+011  0.00000000E+000  0.24500000E+008  0.00000000E+000  0.50750854E-005  0.13025606E+007  0.57887382E+008  0.64014028E-027  0.41700000E+018  0.10500000E+015  0.68886258E-035  0.58700000E+007  0.00000000E+000  0.72700264E+006  0.11382074E+003  0.14791002E-013  0.15900000E+014  0.14986367E-001  0.85242796E+001  0.17631518E-035  0.12165422E-036
   30  0.25862362E+008  0.11959786E-027  0.28400000E+013  0.60900000E+017  0.22000000E+010  0.00000000E+000  0.97109749E-003  0.66600000E+008  0.27132509E-013  0.12044667E-003  0.15140514E-026  0.55298086E+010  0.78500000E+010  0.00000000E+000  0.33200000E+008  0.00000000E+000  0.67916650E-005  0.12441312E+007  0.46073690E+008  0.76202001E-029  0.36400000E+018  0.92100000E+014  0.65206777E-037  0.69700000E+007  0.00000000E+000  0.12800033E+007  0.12906244E+003  0.55793732E-015  0.14500000E+014  0.13187365E-001  0.12559385E+002  0.14865254E-037  0.14201364E-039
   31  0.16581174E+008  0.27733768E-030  0.26100000E+013  0.54600000E+017  0.20300000E+010  0.00000000E+000  0.89087185E-003  0.62800000E+008  0.34074610E-013  0.13903454E-003  0.90402885E-029  0.47178051E+010  0.62900000E+010  0.00000000E+000  0.44800000E+008  0.00000000E+000  0.82014616E-005  0.11867510E+007  0.35650793E+008  0.73223221E-031  0.31800000E+018  0.82600000E+014  0.50619807E-039  0.85400000E+007  0.00000000E+000  0.24000034E+007  0.14871619E+003  0.27962070E-016  0.13200000E+014  0.11719327E-001  0.17379040E+002  0.10392930E-039  0.18282831E-039
   32  0.10160484E+008  0.13077527E-032  0.23600000E+013  0.49000000E+017  0.18300000E+010  0.00000000E+000  0.75247338E-003  0.57400000E+008  0.41418506E-013  0.15458598E-003  0.45018934E-031  0.40358542E+010  0.50400000E+010  0.00000000E+000  0.60000000E+008  0.00000000E+000  0.91432881E-005  0.11358128E+007  0.26454555E+008  0.57445374E-033  0.27800000E+018  0.74100000E+014  0.31605512E-041  0.10100000E+008  0.00000000E+000  0.39300045E+007  0.16829506E+003  0.11073002E-016  0.11800000E+014  0.97478794E-002  0.23918435E+002  0.60490400E-042  0.51032273E-039
   33  0.59043492E+007  0.10567777E-032  0.21200000E+013  0.44000000E+017  0.16900000E+010  0.00000000E+000  0.61461705E-003  0.49500000E+008  0.47149661E-013  0.17411314E-003  0.18591704E-033  0.34586979E+010  0.39400000E+010  0.00000000E+000  0.79700000E+008  0.00000000E+000  0.93400850E-005  0.10837113E+007  0.18055774E+008  0.36476883E-035  0.24300000E+018  0.66600000E+014  0.16704547E-043  0.12200000E+008  0.00000000E+000  0.63364741E+007  0.19959105E+003  0.11055076E-016  0.10200000E+014  0.78937149E-002  0.32414570E+002  0.29155505E-044  0.13978631E-038
   34  0.32322181E+007  0.14868315E-032  0.19000000E+013  0.39700000E+017  0.14100000E+010  0.00000000E+000  0.44025529E-003  0.43900000E+008  0.54448450E-013  0.18100339E-003  0.65084796E-036  0.29669633E+010  0.31600000E+010  0.00000000E+000  0.10600000E+009  0.00000000E+000  0.86708860E-005  0.10285940E+007  0.12218485E+008  0.20143179E-037  0.21200000E+018  0.60000000E+014  0.69743180E-046  0.13800000E+008  0.00000000E+000  0.73927156E+007  0.22114478E+003  0.10124415E-016  0.87600000E+013  0.56440539E-002  0.42931788E+002  0.11903471E-046  0.37246381E-038
   35  0.16585370E+007  0.18164986E-032  0.17200000E+013  0.35800000E+017  0.12100000E+010  0.00000000E+000  0.29332730E-003  0.39000000E+008  0.61835627E-013  0.18330840E-003  0.19387834E-038  0.25503342E+010  0.23000000E+010  0.00000000E+000  0.14300000E+009  0.00000000E+000  0.73497830E-005  0.96134670E+006  0.81272702E+007  0.16673614E-038  0.18500000E+018  0.54200000E+014  0.24612622E-048  0.15500000E+008  0.00000000E+000  0.75769172E+007  0.23821241E+003  0.84798055E-017  0.75400000E+013  0.37140186E-002  0.55148771E+002  0.41284255E-049  0.94215826E-038
   36  0.80090612E+006  0.19518012E-032  0.15500000E+013  0.32900000E+017  0.95200000E+009  0.00000000E+000  0.18321394E-003  0.34600000E+008  0.68505585E-013  0.18427709E-003  0.54672431E-041  0.22100578E+010  0.15900000E+010  0.00000000E+000  0.19100000E+009  0.00000000E+000  0.56409144E-005  0.89756464E+006  0.54099173E+007  0.21788788E-038  0.16200000E+018  0.49000000E+014  0.82007594E-051  0.17700000E+008  0.00000000E+000  0.72812488E+007  0.26038206E+003  0.67984062E-017  0.64700000E+013  0.23446634E-002  0.68586215E+002  0.13453869E-051  0.23520171E-037
   37  0.35616170E+006  0.21770656E-032  0.14100000E+013  0.30300000E+017  0.71400000E+009  0.00000000E+000  0.10072456E-003  0.32600000E+008  0.90463055E-013  0.17326201E-003  0.24482866E-042  0.19103006E+010  0.12100000E+010  0.00000000E+000  0.26100000E+009  0.00000000E+000  0.39279476E-005  0.85556986E+006  0.35654418E+007  0.38454618E-038  0.14100000E+018  0.45300000E+014  0.39661286E-052  0.19000000E+008  0.00000000E+000  0.66639442E+007  0.26994996E+003  0.52980872E-017  0.55400000E+013  0.12875783E-002  0.82490283E+002  0.69839254E-053  0.10627711E-036
   38  0.14642155E+006  0.22883971E-032  0.12300000E+013  0.28000000E+017  0.50800000E+009  0.00000000E+000  0.52344727E-004  0.29800000E+008  0.11760412E-012  0.17084936E-003  0.10257892E-042  0.16696277E+010  0.92200000E+009  0.00000000E+000  0.34900000E+009  0.00000000E+000  0.25237428E-005  0.83646499E+006  0.23306624E+007  0.58200224E-038  0.12400000E+018  0.42000000E+014  0.18395455E-052  0.21000000E+008  0.00000000E+000  0.59919485E+007  0.29377135E+003  0.40588893E-017  0.47600000E+013  0.69927472E-003  0.10060878E+003  0.33568611E-053  0.48054973E-036
   39  0.54685043E+005  0.22161705E-032  0.10700000E+013  0.25800000E+017  0.38100000E+009  0.00000000E+000  0.24030871E-004  0.26400000E+008  0.15058076E-012  0.16737298E-003  0.35362951E-043  0.14499075E+010  0.67000000E+009  0.00000000E+000  0.46700000E+009  0.00000000E+000  0.15092301E-005  0.83456991E+006  0.15022654E+007  0.75446772E-038  0.10800000E+018  0.39100000E+014  0.68455109E-053  0.22600000E+008  0.00000000E+000  0.52397508E+007  0.31789011E+003  0.27061296E-017  0.40900000E+013  0.33554500E-003  0.12328224E+003  0.13360463E-053  0.21204630E-035
   40  0.18655698E+005  0.18721437E-032  0.92500000E+012  0.23900000E+017  0.23800000E+009  0.00000000E+000  0.96882028E-005  0.24900000E+008  0.19033274E-012  0.16943920E-003  0.73033256E-044  0.12652928E+010  0.52300000E+009  0.00000000E+000  0.62300000E+009  0.00000000E+000  0.91714182E-006  0.85789964E+006  0.96599701E+006  0.60453390E-038  0.94300000E+017  0.35600000E+014  0.15427132E-053  0.24100000E+008  0.00000000E+000  0.45292615E+007  0.35718068E+003  0.14190171E-017  0.35000000E+013  0.14368908E-003  0.15749593E+003  0.31693765E-054  0.52261067E-035
   41  0.56675007E+004  0.21408044E-032  0.80000000E+012  0.22200000E+017  0.17800000E+009  0.00000000E+000  0.33986332E-005  0.22800000E+008  0.26122037E-012  0.16631501E-003  0.15096529E-044  0.11063652E+010  0.34400000E+009  0.00000000E+000  0.84800000E+009  0.00000000E+000  0.66557256E-006  0.90493700E+006  0.61562243E+006  0.56733585E-038  0.82300000E+017  0.33100000E+014  0.32683648E-054  0.24900000E+008  0.00000000E+000  0.38617796E+007  0.39750055E+003  0.71061220E-018  0.29900000E+013  0.53439396E-004  0.19533428E+003  0.75078471E-055  0.22370791E-034
   42  0.15141348E+004  0.33384201E-032  0.69000000E+012  0.20600000E+017  0.10900000E+009  0.00000000E+000  0.10184495E-005  0.21400000E+008  0.36950323E-012  0.16215712E-003  0.22572856E-045  0.96971295E+009  0.30800000E+009  0.00000000E+000  0.11800000E+010  0.00000000E+000  0.68485727E-006  0.96498805E+006  0.38974750E+006  0.44210346E-038  0.71900000E+017  0.30900000E+014  0.49199736E-055  0.25300000E+008  0.00000000E+000  0.32523796E+007  0.44599641E+003  0.30062283E-018  0.25500000E+013  0.17011281E-004  0.24128209E+003  0.12832155E-055  0.91036520E-034
   43  0.35475828E+003  0.64231226E-032  0.59100000E+012  0.19200000E+017  0.71400000E+008  0.00000000E+000  0.25333159E-006  0.20200000E+008  0.51882768E-012  0.15186484E-003  0.24216752E-046  0.85220259E+009  0.25700000E+009  0.00000000E+000  0.16400000E+010  0.00000000E+000  0.89793532E-006  0.10265308E+007  0.24599326E+006  0.28362483E-038  0.62800000E+017  0.28900000E+014  0.51121621E-056  0.24900000E+008  0.00000000E+000  0.27087762E+007  0.49351160E+003  0.10426765E-018  0.21700000E+013  0.45473495E-005  0.29185642E+003  0.15692209E-056  0.35616182E-033
   44  0.73406272E+002  0.11916820E-031  0.49400000E+012  0.17900000E+017  0.48200000E+008  0.00000000E+000  0.54188552E-007  0.18500000E+008  0.63705070E-012  0.14543543E-003  0.15665568E-047  0.75080552E+009  0.23100000E+009  0.00000000E+000  0.22000000E+010  0.00000000E+000  0.13030129E-005  0.10789545E+007  0.15446678E+006  0.11330180E-038  0.54900000E+017  0.26500000E+014  0.33437626E-057  0.24900000E+008  0.00000000E+000  0.22340462E+007  0.54299336E+003  0.28725422E-019  0.18900000E+013  0.10759221E-005  0.35569446E+003  0.11539516E-057  0.81149849E-033
   45  0.13108624E+002  0.23558666E-031  0.40900000E+012  0.16700000E+017  0.29300000E+008  0.00000000E+000  0.95241883E-008  0.17900000E+008  0.88455026E-012  0.13019438E-003  0.92712408E-049  0.66276065E+009  0.21500000E+009  0.00000000E+000  0.29300000E+010  0.00000000E+000  0.18079323E-005  0.11193499E+007  0.96195933E+005  0.50502541E-039  0.48000000E+017  0.24900000E+014  0.18746392E-058  0.24100000E+008  0.00000000E+000  0.18223534E+007  0.58824823E+003  0.70547779E-020  0.16400000E+013  0.21051717E-006  0.40826127E+003  0.77448614E-059  0.30416716E-032
   46  0.20396973E+001  0.44865300E-031  0.33500000E+012  0.15500000E+017  0.16900000E+008  0.00000000E+000  0.13320983E-008  0.16400000E+008  0.11396578E-011  0.10824668E-003  0.38414806E-050  0.58451195E+009  0.19300000E+009  0.00000000E+000  0.38000000E+010  0.00000000E+000  0.24443497E-005  0.11384903E+007  0.60130255E+005  0.18916827E-039  0.41900000E+017  0.23400000E+014  0.69561249E-060  0.22000000E+008  0.00000000E+000  0.14691736E+007  0.61543611E+003  0.13464638E-020  0.14300000E+013  0.32970425E-007  0.45625211E+003  0.36411993E-060  0.11086766E-031
   47  0.28756184E+000  0.70603780E-031  0.27100000E+012  0.14100000E+017  0.97800000E+007  0.00000000E+000  0.16510824E-009  0.15900000E+008  0.13078138E-011  0.95950751E-004  0.79391494E-052  0.51361116E+009  0.18600000E+009  0.00000000E+000  0.47500000E+010  0.00000000E+000  0.35000585E-005  0.11294369E+007  0.37147811E+005  0.35990233E-040  0.36600000E+017  0.21000000E+014  0.14403048E-061  0.20700000E+008  0.00000000E+000  0.11720811E+007  0.64113109E+003  0.19076433E-021  0.12400000E+013  0.45771441E-008  0.53336902E+003  0.85681589E-062  0.14576488E-031
   48  0.37326262E-001  0.11081922E-030  0.21400000E+012  0.12700000E+017  0.69600000E+007  0.00000000E+000  0.17975260E-010  0.14600000E+008  0.14081743E-011  0.82616122E-004  0.13789414E-053  0.45076956E+009  0.18600000E+009  0.00000000E+000  0.57100000E+010  0.00000000E+000  0.49143723E-005  0.10997377E+007  0.22656153E+005  0.62445584E-041  0.32000000E+017  0.18900000E+014  0.24814989E-063  0.19100000E+008  0.00000000E+000  0.92799416E+006  0.65463650E+003  0.23425416E-022  0.10700000E+013  0.56613920E-009  0.61065449E+003  0.16959556E-063  0.19487643E-031
   49  0.44915098E-002  0.17737126E-030  0.17100000E+012  0.11600000E+017  0.39100000E+007  0.00000000E+000  0.18301997E-011  0.13700000E+008  0.16328067E-011  0.69288161E-004  0.26876925E-055  0.39675867E+009  0.17900000E+009  0.00000000E+000  0.66900000E+010  0.00000000E+000  0.62867486E-005  0.10568185E+007  0.13699739E+005  0.13079137E-041  0.27900000E+017  0.17500000E+014  0.46743842E-065  0.18000000E+008  0.00000000E+000  0.73389818E+006  0.70117532E+003  0.29199254E-023  0.89600000E+012  0.65383856E-010  0.65208819E+003  0.37541573E-065  0.43062377E-031
   50  0.52336822E-003  0.25126770E-030  0.13300000E+012  0.10200000E+017  0.26400000E+007  0.00000000E+000  0.17120023E-012  0.12200000E+008  0.15549836E-011  0.60080048E-004  0.29689499E-057  0.34634815E+009  0.17300000E+009  0.00000000E+000  0.76200000E+010  0.00000000E+000  0.88728381E-005  0.99378940E+006  0.80222428E+004  0.15362527E-042  0.24400000E+017  0.15400000E+014  0.54155316E-067  0.16600000E+008  0.00000000E+000  0.57381818E+006  0.70923037E+003  0.28990503E-024  0.74100000E+012  0.69142114E-011  0.74550430E+003  0.47496386E-067  0.35554677E-031
   51  0.61546355E-004  0.35225946E-030  0.10100000E+012  0.89800000E+016  0.18300000E+007  0.00000000E+000  0.15879420E-013  0.11800000E+008  0.15864074E-011  0.50992249E-004  0.34603364E-059  0.30221560E+009  0.17300000E+009  0.00000000E+000  0.82800000E+010  0.00000000E+000  0.12098362E-004  0.92286309E+006  0.47209087E+004  0.18155891E-043  0.21300000E+017  0.13600000E+014  0.65647151E-069  0.15200000E+008  0.00000000E+000  0.44823625E+006  0.70260768E+003  0.28097263E-025  0.60600000E+012  0.74341139E-012  0.83291178E+003  0.63413801E-069  0.30385583E-031
   52  0.76214886E-005  0.39773296E-030  0.77100000E+011  0.74700000E+016  0.11400000E+007  0.00000000E+000  0.15614781E-014  0.10500000E+008  0.12034779E-011  0.48918655E-004  0.20990002E-061  0.25954446E+009  0.16700000E+009  0.00000000E+000  0.90900000E+010  0.00000000E+000  0.19332106E-004  0.83380306E+006  0.27242369E+004  0.99669511E-045  0.18600000E+017  0.11100000E+014  0.50001562E-071  0.14400000E+008  0.00000000E+000  0.34586127E+006  0.67308641E+003  0.22738154E-026  0.48700000E+012  0.80585313E-013  0.10410482E+004  0.44788961E-071  0.56253461E-032
   53  0.96631500E-006  0.44975131E-030  0.63000000E+011  0.61900000E+016  0.73300000E+006  0.00000000E+000  0.14701203E-015  0.93000000E+007  0.97919169E-012  0.42372112E-004  0.13375597E-063  0.22343217E+009  0.17300000E+009  0.00000000E+000  0.10600000E+011  0.00000000E+000  0.29416336E-004  0.74813343E+006  0.15886931E+004  0.72751140E-046  0.16300000E+017  0.92900000E+013  0.35849081E-073  0.12600000E+008  0.00000000E+000  0.26881174E+006  0.66466225E+003  0.16628654E-027  0.39100000E+012  0.77567227E-014  0.12473565E+004  0.33153535E-073  0.15717846E-032
   54  0.12637836E-006  0.50517079E-030  0.50300000E+011  0.51100000E+016  0.52200000E+006  0.00000000E+000  0.15099807E-016  0.82500000E+007  0.78954550E-012  0.38639124E-004  0.99855181E-066  0.19150177E+009  0.17300000E+009  0.00000000E+000  0.12000000E+011  0.00000000E+000  0.43976841E-004  0.66332144E+006  0.90172433E+003  0.54257012E-047  0.14200000E+017  0.77500000E+013  0.32034270E-075  0.11700000E+008  0.00000000E+000  0.20917490E+006  0.61486319E+003  0.12854023E-028  0.33800000E+012  0.83050828E-015  0.14741397E+004  0.28878070E-075  0.44038493E-033
   55  0.17355600E-007  0.50256863E-030  0.40500000E+011  0.42100000E+016  0.33400000E+006  0.00000000E+000  0.15945717E-017  0.73300000E+007  0.58261772E-012  0.35692637E-004  0.66052764E-068  0.16448222E+009  0.17300000E+009  0.00000000E+000  0.13500000E+011  0.00000000E+000  0.67108195E-004  0.58574643E+006  0.50580743E+003  0.31504200E-048  0.12400000E+017  0.62700000E+013  0.26000136E-077  0.10800000E+008  0.00000000E+000  0.16403753E+006  0.56599774E+003  0.97332527E-030  0.29100000E+012  0.90853564E-016  0.17874947E+004  0.22242279E-077  0.71863369E-034
   56  0.24764657E-008  0.54246593E-030  0.32400000E+011  0.34500000E+016  0.21400000E+006  0.00000000E+000  0.17948732E-018  0.67000000E+007  0.47865970E-012  0.32641972E-004  0.87677138E-070  0.14094614E+009  0.17900000E+009  0.00000000E+000  0.15200000E+011  0.00000000E+000  0.98426376E-004  0.51306235E+006  0.28504899E+003  0.25033906E-049  0.10800000E+017  0.52000000E+013  0.41781040E-079  0.10100000E+008  0.00000000E+000  0.12949436E+006  0.52464468E+003  0.80216522E-031  0.25000000E+012  0.10564646E-016  0.20844172E+004  0.34460987E-079  0.19233060E-034
   57  0.37031194E-009  0.50106473E-030  0.27000000E+011  0.28200000E+016  0.16900000E+006  0.00000000E+000  0.19591948E-019  0.61200000E+007  0.35969484E-012  0.28991412E-004  0.22606811E-071  0.12154714E+009  0.17900000E+009  0.00000000E+000  0.17800000E+011  0.00000000E+000  0.14888161E-003  0.44965781E+006  0.16027246E+003  0.15286996E-050  0.94800000E+016  0.41700000E+013  0.12733160E-080  0.89500000E+007  0.00000000E+000  0.10413357E+006  0.49631055E+003  0.61533513E-032  0.21500000E+012  0.11457561E-017  0.25133758E+004  0.10307436E-080  0.28175257E-035
   58  0.55790867E-010  0.48788859E-030  0.23200000E+011  0.23000000E+016  0.11700000E+006  0.00000000E+000  0.23048149E-020  0.52800000E+007  0.27622309E-012  0.26169090E-004  0.15228088E-072  0.10448126E+009  0.18600000E+009  0.00000000E+000  0.21400000E+011  0.00000000E+000  0.21529906E-003  0.39083593E+006  0.88995654E+002  0.12522542E-051  0.82800000E+016  0.34300000E+013  0.10292100E-081  0.82800000E+007  0.00000000E+000  0.84667900E+005  0.48628288E+003  0.48887495E-033  0.18300000E+012  0.12907997E-018  0.29022179E+004  0.80810762E-082  0.67239641E-036
   59  0.85244477E-011  0.47041455E-030  0.19800000E+011  0.18700000E+016  0.69600000E+005  0.00000000E+000  0.26132807E-021  0.45400000E+007  0.21047248E-012  0.22541896E-004  0.11644203E-073  0.89826968E+008  0.19300000E+009  0.00000000E+000  0.25700000E+011  0.00000000E+000  0.31054219E-003  0.33809334E+006  0.49549858E+002  0.10303147E-052  0.72300000E+016  0.28200000E+013  0.90434053E-083  0.73200000E+007  0.00000000E+000  0.69963511E+005  0.47466438E+003  0.38311996E-034  0.15600000E+012  0.14068053E-019  0.33422127E+004  0.71918144E-083  0.15715768E-036
   60  0.15552050E-011  0.36915047E-030  0.16900000E+011  0.13900000E+016  0.50800000E+005  0.00000000E+000  0.37920781E-022  0.42800000E+007  0.14109032E-012  0.24731202E-004  0.33944117E-075  0.76087933E+008  0.17900000E+009  0.00000000E+000  0.32600000E+011  0.00000000E+000  0.57623204E-003  0.28589958E+006  0.26577245E+002  0.38273993E-054  0.63200000E+016  0.20900000E+013  0.39951959E-084  0.72100000E+007  0.00000000E+000  0.58043315E+005  0.46294873E+003  0.30313599E-035  0.13200000E+012  0.18186821E-020  0.45330932E+004  0.24785502E-084  0.58139313E-038
