1.870E-12
2.093E-12
2.234E-12
2.428E-12
2.528E-12
2.678E-12
2.738E-12
2.856E-12
2.897E-12
2.868E-12
2.771E-12
2.483E-12
2.225E-12
1.995E-12
1.788E-12
1.562E-12
1.365E-12
1.192E-12
1.041E-12
9.098E-13
7.746E-13
6.595E-13
5.616E-13
4.783E-13
4.074E-13
3.470E-13
2.956E-13
2.519E-13
2.146E-13
1.828E-13
1.519E-13
1.263E-13
1.050E-13
8.723E-14
7.248E-14
6.021E-14
4.874E-14
3.941E-14
3.182E-14
2.635E-14
2.121E-14
1.704E-14
1.365E-14
1.124E-14
8.967E-15
7.133E-15
6.036E-15
5.106E-15
4.178E-15
3.650E-15
3.188E-15
3.071E-15
2.859E-15
2.657E-15
2.542E-15
2.356E-15
2.244E-15
2.074E-15
1.915E-15
1.913E-15
