3.63E-12
4.85E-12
5.88E-12
7.04E-12
7.86E-12
8.68E-12
9.26E-12
9.86E-12
1.03E-11
1.07E-11
1.11E-11
1.11E-11
1.12E-11
1.13E-11
1.14E-11
1.14E-11
1.14E-11
1.14E-11
1.14E-11
1.13E-11
1.12E-11
1.11E-11
1.10E-11
1.08E-11
1.06E-11
1.04E-11
1.02E-11
9.90E-12
9.58E-12
9.20E-12
8.51E-12
7.69E-12
6.77E-12
5.79E-12
4.80E-12
3.90E-12
2.81E-12
1.96E-12
1.33E-12
9.93E-13
6.62E-13
4.39E-13
2.92E-13
2.18E-13
1.46E-13
9.76E-14
7.98E-14
6.46E-14
4.77E-14
4.20E-14
3.70E-14
4.25E-14
4.38E-14
4.52E-14
5.22E-14
5.39E-14
6.27E-14
6.50E-14
6.74E-14
9.36E-14
