8.49E-21
2.67E-19
5.80E-18
8.81E-17
9.55E-16
7.60E-15
4.61E-14
2.19E-13
8.35E-13
2.67E-12
7.30E-12
1.79E-11
3.97E-11
8.15E-11
1.56E-10
2.83E-10
4.94E-10
8.38E-10
1.38E-09
2.21E-09
3.45E-09
5.22E-09
7.75E-09
1.12E-08
1.58E-08
2.18E-08
2.92E-08
3.81E-08
4.85E-08
6.03E-08
7.37E-08
8.87E-08
1.05E-07
1.23E-07
1.42E-07
1.63E-07
1.85E-07
2.10E-07
2.38E-07
2.71E-07
3.09E-07
3.57E-07
4.16E-07
4.90E-07
5.76E-07
6.76E-07
7.85E-07
8.99E-07
1.01E-06
1.13E-06
1.24E-06
1.34E-06
1.43E-06
1.51E-06
1.60E-06
1.68E-06
1.76E-06
1.84E-06
1.93E-06
2.01E-06
