#this file has been interpolated to have an equally spaced grid																																
#this file has been interpolated to have an equally spaced grid																																
#first line contains number of data (alt, Tgas, ...) and of non-zero chemical species (H,CO2,...)																																
#alt in km, Tgas in K, chemical species in molecules/cm3																																
5 28																																
index	alt	dummy	Kzz	Tgas	N2	O2	O3	OH	O	CO2	CO	HO2	H2O	NO2	COS	CS2	CS	H	H2S	SH	S	SO	SO2	SO3	HSO	HSO2	HSO3	H2SO4	H2	N	DMS	SO4
1	1	902.21929 	1.00E+05	282 	1.83E+19	5.00E+18	6.77E+11	1.81E+06	8.11E+02	8.46E+15	1.30E+12	6.06E+08	1.50E+17	1.37E+09	0.00E+00	0.00E+00	0.00E+00	0.00E+00	0.00E+00	0.00E+00	0.00E+00	0.00E+00	0.00E+00	0.00E+00	0.00E+00	0.00E+00	0.00E+00	0.00E+00	0.00E+00	0.00E+00	0.00E+00	0.00E+00
2	2	797.63786 	1.00E+05	275 	1.60E+19	4.41E+18	6.17E+11	1.25E+06	9.12E+02	6.60E+15	1.30E+12	4.64E+08	8.95E+16	1.00E+09	0.00E+00	0.00E+00	0.00E+00	0.00E+00	0.00E+00	0.00E+00	0.00E+00	0.00E+00	0.00E+00	0.00E+00	0.00E+00	0.00E+00	0.00E+00	0.00E+00	0.00E+00	0.00E+00	0.00E+00	0.00E+00
3	3	703.47653 	1.00E+05	269 	1.40E+19	3.86E+18	5.74E+11	9.13E+05	1.06E+03	5.78E+15	1.30E+12	3.76E+08	4.97E+16	6.96E+08	0.00E+00	0.00E+00	0.00E+00	0.00E+00	0.00E+00	0.00E+00	0.00E+00	0.00E+00	0.00E+00	0.00E+00	0.00E+00	0.00E+00	0.00E+00	0.00E+00	0.00E+00	0.00E+00	0.00E+00	0.00E+00
4	4	618.19355 	1.00E+05	262 	1.22E+19	3.35E+18	5.66E+11	8.75E+05	1.30E+03	5.02E+15	1.30E+12	2.27E+08	2.52E+16	5.08E+08	0.00E+00	0.00E+00	0.00E+00	0.00E+00	0.00E+00	0.00E+00	0.00E+00	0.00E+00	0.00E+00	0.00E+00	0.00E+00	0.00E+00	0.00E+00	0.00E+00	0.00E+00	0.00E+00	0.00E+00	0.00E+00
5	5	541.80886 	1.00E+05	256 	1.07E+19	2.89E+18	5.66E+11	8.57E+05	1.65E+03	4.34E+15	1.30E+12	1.84E+08	1.25E+16	4.12E+08	0.00E+00	0.00E+00	0.00E+00	0.00E+00	0.00E+00	0.00E+00	0.00E+00	0.00E+00	0.00E+00	0.00E+00	0.00E+00	0.00E+00	0.00E+00	0.00E+00	0.00E+00	0.00E+00	0.00E+00	0.00E+00
6	6	472.96440 	1.00E+05	249 	9.33E+18	2.48E+18	6.14E+11	8.57E+05	2.24E+03	3.71E+15	1.28E+12	1.29E+08	6.31E+15	3.81E+08	0.00E+00	0.00E+00	0.00E+00	0.00E+00	0.00E+00	0.00E+00	0.00E+00	0.00E+00	0.00E+00	0.00E+00	0.00E+00	0.00E+00	0.00E+00	0.00E+00	0.00E+00	0.00E+00	0.00E+00	0.00E+00
7	7	411.18493 	1.00E+05	243 	8.15E+18	2.11E+18	7.48E+11	8.21E+05	3.53E+03	3.16E+15	1.24E+12	1.01E+08	3.02E+15	3.71E+08	0.00E+00	0.00E+00	0.00E+00	0.00E+00	0.00E+00	0.00E+00	0.00E+00	0.00E+00	0.00E+00	0.00E+00	0.00E+00	0.00E+00	0.00E+00	0.00E+00	0.00E+00	0.00E+00	0.00E+00	0.00E+00
8	8	356.01878 	1.00E+05	236 	7.12E+18	1.77E+18	9.17E+11	7.78E+05	5.53E+03	2.65E+15	1.20E+12	7.29E+07	1.04E+15	3.71E+08	0.00E+00	0.00E+00	0.00E+00	0.00E+00	0.00E+00	0.00E+00	0.00E+00	0.00E+00	0.00E+00	0.00E+00	0.00E+00	0.00E+00	0.00E+00	0.00E+00	0.00E+00	0.00E+00	0.00E+00	0.00E+00
9	9	305.89279 	8.94E+04	230 	6.22E+18	1.48E+18	1.24E+12	7.38E+05	9.75E+03	2.22E+15	1.17E+12	5.92E+07	3.98E+14	3.81E+08	0.00E+00	0.00E+00	0.00E+00	0.00E+00	0.00E+00	0.00E+00	0.00E+00	0.00E+00	0.00E+00	0.00E+00	0.00E+00	0.00E+00	0.00E+00	0.00E+00	0.00E+00	0.00E+00	0.00E+00	0.00E+00
10	10	260.87291 	4.90E+04	225 	5.43E+18	1.22E+18	1.60E+12	7.62E+05	1.69E+04	1.85E+15	1.10E+12	5.25E+07	1.89E+14	4.02E+08	0.00E+00	0.00E+00	0.00E+00	0.00E+00	0.00E+00	0.00E+00	0.00E+00	0.00E+00	0.00E+00	0.00E+00	0.00E+00	0.00E+00	0.00E+00	0.00E+00	0.00E+00	0.00E+00	0.00E+00	0.00E+00
11	11	222.53259 	2.26E+04	221 	4.75E+18	1.04E+18	1.96E+12	7.86E+05	2.71E+04	1.54E+15	1.00E+12	4.66E+07	9.64E+13	4.58E+08	0.00E+00	0.00E+00	0.00E+00	0.00E+00	0.00E+00	0.00E+00	0.00E+00	0.00E+00	0.00E+00	0.00E+00	0.00E+00	0.00E+00	0.00E+00	0.00E+00	0.00E+00	0.00E+00	0.00E+00	0.00E+00
12	12	190.59133 	1.17E+04	220 	4.15E+18	8.79E+17	2.21E+12	7.86E+05	4.17E+04	1.31E+15	9.00E+11	4.39E+07	5.10E+13	6.10E+08	0.00E+00	0.00E+00	0.00E+00	0.00E+00	0.00E+00	0.00E+00	0.00E+00	0.00E+00	0.00E+00	0.00E+00	0.00E+00	0.00E+00	0.00E+00	0.00E+00	0.00E+00	0.00E+00	0.00E+00	0.00E+00
13	13	161.12042 	6.81E+03	219 	3.62E+18	7.44E+17	2.42E+12	7.54E+05	6.26E+04	1.11E+15	8.00E+11	4.26E+07	2.75E+13	8.58E+08	0.00E+00	0.00E+00	0.00E+00	0.00E+00	0.00E+00	0.00E+00	0.00E+00	0.00E+00	0.00E+00	0.00E+00	0.00E+00	0.00E+00	0.00E+00	0.00E+00	0.00E+00	0.00E+00	0.00E+00	0.00E+00
14	14	136.30518 	5.17E+03	218 	3.16E+18	6.28E+17	2.73E+12	6.92E+05	9.72E+04	9.41E+14	6.60E+11	4.26E+07	2.41E+13	1.09E+09	0.00E+00	0.00E+00	0.00E+00	0.00E+00	0.00E+00	0.00E+00	0.00E+00	0.00E+00	0.00E+00	0.00E+00	0.00E+00	0.00E+00	0.00E+00	0.00E+00	0.00E+00	0.00E+00	0.00E+00	0.00E+00
15	15	115.65243 	4.29E+03	217 	2.76E+18	5.29E+17	3.05E+12	6.49E+05	1.50E+05	7.96E+14	5.03E+11	4.52E+07	2.09E+13	1.34E+09	0.00E+00	0.00E+00	0.00E+00	0.00E+00	0.00E+00	0.00E+00	0.00E+00	0.00E+00	0.00E+00	0.00E+00	0.00E+00	0.00E+00	0.00E+00	0.00E+00	0.00E+00	0.00E+00	0.00E+00	0.00E+00
16	16	98.66364 	3.95E+03	217 	2.41E+18	4.52E+17	3.34E+12	6.42E+05	2.28E+05	6.80E+14	3.48E+11	4.80E+07	1.82E+13	1.65E+09	0.00E+00	0.00E+00	0.00E+00	0.00E+00	0.00E+00	0.00E+00	0.00E+00	0.00E+00	0.00E+00	0.00E+00	0.00E+00	0.00E+00	0.00E+00	0.00E+00	0.00E+00	0.00E+00	0.00E+00	0.00E+00
17	17	84.09121 	3.90E+03	217 	2.11E+18	3.86E+17	3.81E+12	6.63E+05	3.62E+05	5.80E+14	2.20E+11	5.25E+07	1.58E+13	1.88E+09	0.00E+00	0.00E+00	0.00E+00	0.00E+00	0.00E+00	0.00E+00	0.00E+00	0.00E+00	0.00E+00	0.00E+00	0.00E+00	0.00E+00	0.00E+00	0.00E+00	0.00E+00	0.00E+00	0.00E+00	0.00E+00
18	18	71.19758 	4.00E+03	217 	1.84E+18	3.30E+17	4.19E+12	7.30E+05	5.58E+05	4.96E+14	1.66E+11	5.41E+07	1.47E+13	2.03E+09	0.00E+00	0.00E+00	0.00E+00	0.00E+00	0.00E+00	0.00E+00	0.00E+00	0.00E+00	0.00E+00	0.00E+00	0.00E+00	0.00E+00	0.00E+00	0.00E+00	0.00E+00	0.00E+00	0.00E+00	0.00E+00
19	19	60.29753 	4.34E+03	217 	1.61E+18	2.81E+17	4.51E+12	8.21E+05	8.52E+05	4.24E+14	1.15E+11	5.74E+07	1.47E+13	2.20E+09	0.00E+00	0.00E+00	0.00E+00	0.00E+00	0.00E+00	0.00E+00	0.00E+00	0.00E+00	0.00E+00	0.00E+00	0.00E+00	0.00E+00	0.00E+00	0.00E+00	0.00E+00	0.00E+00	0.00E+00	0.00E+00
20	20	51.35795 	4.84E+03	217 	1.41E+18	2.40E+17	4.67E+12	9.74E+05	1.26E+06	3.62E+14	8.98E+10	5.92E+07	1.49E+13	2.32E+09	0.00E+00	0.00E+00	0.00E+00	0.00E+00	0.00E+00	0.00E+00	0.00E+00	0.00E+00	0.00E+00	0.00E+00	0.00E+00	0.00E+00	0.00E+00	0.00E+00	0.00E+00	0.00E+00	0.00E+00	0.00E+00
21	21	43.98005 	5.44E+03	218 	1.23E+18	2.08E+17	4.77E+12	1.11E+06	1.83E+06	3.14E+14	6.52E+10	6.28E+07	1.61E+13	2.44E+09	0.00E+00	0.00E+00	0.00E+00	0.00E+00	0.00E+00	0.00E+00	0.00E+00	0.00E+00	0.00E+00	0.00E+00	0.00E+00	0.00E+00	0.00E+00	0.00E+00	0.00E+00	0.00E+00	0.00E+00	0.00E+00
22	22	37.32481 	6.19E+03	219 	1.07E+18	1.81E+17	4.87E+12	1.27E+06	2.67E+06	2.72E+14	4.97E+10	6.47E+07	1.72E+13	2.51E+09	0.00E+00	0.00E+00	0.00E+00	0.00E+00	0.00E+00	0.00E+00	0.00E+00	0.00E+00	0.00E+00	0.00E+00	0.00E+00	0.00E+00	0.00E+00	0.00E+00	0.00E+00	0.00E+00	0.00E+00	0.00E+00
23	23	31.69017 	7.04E+03	220 	9.38E+17	1.57E+17	4.80E+12	1.59E+06	3.83E+06	2.37E+14	3.89E+10	6.87E+07	1.86E+13	2.51E+09	0.00E+00	0.00E+00	0.00E+00	0.00E+00	0.00E+00	0.00E+00	0.00E+00	0.00E+00	0.00E+00	0.00E+00	0.00E+00	0.00E+00	0.00E+00	0.00E+00	0.00E+00	0.00E+00	0.00E+00	0.00E+00
24	24	26.92663 	7.98E+03	221 	8.19E+17	1.37E+17	4.63E+12	1.99E+06	5.33E+06	2.06E+14	3.19E+10	6.87E+07	1.98E+13	2.57E+09	0.00E+00	0.00E+00	0.00E+00	0.00E+00	0.00E+00	0.00E+00	0.00E+00	0.00E+00	0.00E+00	0.00E+00	0.00E+00	0.00E+00	0.00E+00	0.00E+00	0.00E+00	0.00E+00	0.00E+00	0.00E+00
25	25	23.04944 	8.99E+03	222 	7.16E+17	1.19E+17	4.41E+12	2.50E+06	7.45E+06	1.80E+14	2.50E+10	7.07E+07	2.11E+13	2.57E+09	0.00E+00	0.00E+00	0.00E+00	0.00E+00	0.00E+00	0.00E+00	0.00E+00	0.00E+00	0.00E+00	0.00E+00	0.00E+00	0.00E+00	0.00E+00	0.00E+00	0.00E+00	0.00E+00	0.00E+00	0.00E+00
26	26	19.81036 	1.00E+04	223 	6.25E+17	1.04E+17	4.14E+12	3.19E+06	1.02E+07	1.57E+14	2.00E+10	7.29E+07	2.14E+13	2.51E+09	0.00E+00	0.00E+00	0.00E+00	0.00E+00	0.00E+00	0.00E+00	0.00E+00	0.00E+00	0.00E+00	0.00E+00	0.00E+00	0.00E+00	0.00E+00	0.00E+00	0.00E+00	0.00E+00	0.00E+00	0.00E+00
27	27	16.90692 	1.13E+04	224 	5.46E+17	9.08E+16	3.75E+12	3.87E+06	1.36E+07	1.37E+14	1.56E+10	7.29E+07	1.93E+13	2.51E+09	0.00E+00	0.00E+00	0.00E+00	0.00E+00	0.00E+00	0.00E+00	0.00E+00	0.00E+00	0.00E+00	0.00E+00	0.00E+00	0.00E+00	0.00E+00	0.00E+00	0.00E+00	0.00E+00	0.00E+00	0.00E+00
28	28	14.45824 	1.25E+04	225 	4.77E+17	7.94E+16	3.40E+12	4.74E+06	1.82E+07	1.20E+14	1.25E+10	7.07E+07	1.75E+13	2.44E+09	0.00E+00	0.00E+00	0.00E+00	0.00E+00	0.00E+00	0.00E+00	0.00E+00	0.00E+00	0.00E+00	0.00E+00	0.00E+00	0.00E+00	0.00E+00	0.00E+00	0.00E+00	0.00E+00	0.00E+00	0.00E+00
29	29	12.39631 	1.36E+04	226 	4.17E+17	6.95E+16	3.10E+12	5.87E+06	2.45E+07	1.05E+14	1.00E+10	6.87E+07	1.59E+13	2.32E+09	0.00E+00	0.00E+00	0.00E+00	0.00E+00	0.00E+00	0.00E+00	0.00E+00	0.00E+00	0.00E+00	0.00E+00	0.00E+00	0.00E+00	0.00E+00	0.00E+00	0.00E+00	0.00E+00	0.00E+00	0.00E+00
30	30	10.75923 	1.51E+04	227 	3.64E+17	6.09E+16	2.84E+12	6.97E+06	3.32E+07	9.21E+13	7.85E+09	6.66E+07	1.45E+13	2.20E+09	0.00E+00	0.00E+00	0.00E+00	0.00E+00	0.00E+00	0.00E+00	0.00E+00	0.00E+00	0.00E+00	0.00E+00	0.00E+00	0.00E+00	0.00E+00	0.00E+00	0.00E+00	0.00E+00	0.00E+00	0.00E+00
31	31	9.24070 	1.67E+04	229 	3.18E+17	5.46E+16	2.61E+12	8.54E+06	4.48E+07	8.26E+13	6.29E+09	6.28E+07	1.32E+13	2.03E+09	0.00E+00	0.00E+00	0.00E+00	0.00E+00	0.00E+00	0.00E+00	0.00E+00	0.00E+00	0.00E+00	0.00E+00	0.00E+00	0.00E+00	0.00E+00	0.00E+00	0.00E+00	0.00E+00	0.00E+00	0.00E+00
32	32	7.93899 	1.82E+04	231 	2.78E+17	4.90E+16	2.36E+12	1.01E+07	6.00E+07	7.41E+13	5.04E+09	5.74E+07	1.18E+13	1.83E+09	0.00E+00	0.00E+00	0.00E+00	0.00E+00	0.00E+00	0.00E+00	0.00E+00	0.00E+00	0.00E+00	0.00E+00	0.00E+00	0.00E+00	0.00E+00	0.00E+00	0.00E+00	0.00E+00	0.00E+00	0.00E+00
33	33	6.83588 	2.00E+04	233 	2.43E+17	4.40E+16	2.12E+12	1.22E+07	7.97E+07	6.66E+13	3.94E+09	4.95E+07	1.02E+13	1.69E+09	0.00E+00	0.00E+00	0.00E+00	0.00E+00	0.00E+00	0.00E+00	0.00E+00	0.00E+00	0.00E+00	0.00E+00	0.00E+00	0.00E+00	0.00E+00	0.00E+00	0.00E+00	0.00E+00	0.00E+00	0.00E+00
34	34	5.91014 	2.20E+04	235 	2.12E+17	3.97E+16	1.90E+12	1.38E+07	1.06E+08	6.00E+13	3.16E+09	4.39E+07	8.76E+12	1.41E+09	0.00E+00	0.00E+00	0.00E+00	0.00E+00	0.00E+00	0.00E+00	0.00E+00	0.00E+00	0.00E+00	0.00E+00	0.00E+00	0.00E+00	0.00E+00	0.00E+00	0.00E+00	0.00E+00	0.00E+00	0.00E+00
35	35	5.15267 	2.45E+04	237 	1.85E+17	3.58E+16	1.72E+12	1.55E+07	1.43E+08	5.42E+13	2.30E+09	3.90E+07	7.54E+12	1.21E+09	0.00E+00	0.00E+00	0.00E+00	0.00E+00	0.00E+00	0.00E+00	0.00E+00	0.00E+00	0.00E+00	0.00E+00	0.00E+00	0.00E+00	0.00E+00	0.00E+00	0.00E+00	0.00E+00	0.00E+00	0.00E+00
36	36	4.44577 	2.75E+04	239 	1.62E+17	3.29E+16	1.55E+12	1.77E+07	1.91E+08	4.90E+13	1.59E+09	3.46E+07	6.47E+12	9.52E+08	0.00E+00	0.00E+00	0.00E+00	0.00E+00	0.00E+00	0.00E+00	0.00E+00	0.00E+00	0.00E+00	0.00E+00	0.00E+00	0.00E+00	0.00E+00	0.00E+00	0.00E+00	0.00E+00	0.00E+00	0.00E+00
37	37	3.84601 	3.05E+04	242 	1.41E+17	3.03E+16	1.41E+12	1.90E+07	2.61E+08	4.53E+13	1.21E+09	3.26E+07	5.54E+12	7.14E+08	0.00E+00	0.00E+00	0.00E+00	0.00E+00	0.00E+00	0.00E+00	0.00E+00	0.00E+00	0.00E+00	0.00E+00	0.00E+00	0.00E+00	0.00E+00	0.00E+00	0.00E+00	0.00E+00	0.00E+00	0.00E+00
38	38	3.34199 	3.39E+04	245 	1.24E+17	2.80E+16	1.23E+12	2.10E+07	3.49E+08	4.20E+13	9.22E+08	2.98E+07	4.76E+12	5.08E+08	0.00E+00	0.00E+00	0.00E+00	0.00E+00	0.00E+00	0.00E+00	0.00E+00	0.00E+00	0.00E+00	0.00E+00	0.00E+00	0.00E+00	0.00E+00	0.00E+00	0.00E+00	0.00E+00	0.00E+00	0.00E+00
39	39	2.92517 	3.80E+04	248 	1.08E+17	2.58E+16	1.07E+12	2.26E+07	4.67E+08	3.91E+13	6.70E+08	2.64E+07	4.09E+12	3.81E+08	0.00E+00	0.00E+00	0.00E+00	0.00E+00	0.00E+00	0.00E+00	0.00E+00	0.00E+00	0.00E+00	0.00E+00	0.00E+00	0.00E+00	0.00E+00	0.00E+00	0.00E+00	0.00E+00	0.00E+00	0.00E+00
40	40	2.54569 	4.20E+04	250 	9.43E+16	2.39E+16	9.25E+11	2.41E+07	6.23E+08	3.56E+13	5.23E+08	2.49E+07	3.50E+12	2.38E+08	0.00E+00	0.00E+00	0.00E+00	0.00E+00	0.00E+00	0.00E+00	0.00E+00	0.00E+00	0.00E+00	0.00E+00	0.00E+00	0.00E+00	0.00E+00	0.00E+00	0.00E+00	0.00E+00	0.00E+00	0.00E+00
41	41	2.20919 	4.64E+04	253 	8.23E+16	2.22E+16	8.00E+11	2.49E+07	8.48E+08	3.31E+13	3.44E+08	2.28E+07	2.99E+12	1.78E+08	0.00E+00	0.00E+00	0.00E+00	0.00E+00	0.00E+00	0.00E+00	0.00E+00	0.00E+00	0.00E+00	0.00E+00	0.00E+00	0.00E+00	0.00E+00	0.00E+00	0.00E+00	0.00E+00	0.00E+00	0.00E+00
42	42	1.92266 	5.19E+04	256 	7.19E+16	2.06E+16	6.90E+11	2.53E+07	1.18E+09	3.09E+13	3.08E+08	2.14E+07	2.55E+12	1.09E+08	0.00E+00	0.00E+00	0.00E+00	0.00E+00	0.00E+00	0.00E+00	0.00E+00	0.00E+00	0.00E+00	0.00E+00	0.00E+00	0.00E+00	0.00E+00	0.00E+00	0.00E+00	0.00E+00	0.00E+00	0.00E+00
43	43	1.67906 	5.84E+04	259 	6.28E+16	1.92E+16	5.91E+11	2.49E+07	1.64E+09	2.89E+13	2.57E+08	2.02E+07	2.17E+12	7.14E+07	0.00E+00	0.00E+00	0.00E+00	0.00E+00	0.00E+00	0.00E+00	0.00E+00	0.00E+00	0.00E+00	0.00E+00	0.00E+00	0.00E+00	0.00E+00	0.00E+00	0.00E+00	0.00E+00	0.00E+00	0.00E+00
44	44	1.47778 	6.45E+04	261 	5.49E+16	1.79E+16	4.94E+11	2.49E+07	2.20E+09	2.65E+13	2.31E+08	1.85E+07	1.89E+12	4.82E+07	0.00E+00	0.00E+00	0.00E+00	0.00E+00	0.00E+00	0.00E+00	0.00E+00	0.00E+00	0.00E+00	0.00E+00	0.00E+00	0.00E+00	0.00E+00	0.00E+00	0.00E+00	0.00E+00	0.00E+00	0.00E+00
45	45	1.28924 	7.14E+04	264 	4.80E+16	1.67E+16	4.09E+11	2.41E+07	2.93E+09	2.49E+13	2.15E+08	1.79E+07	1.64E+12	2.93E+07	0.00E+00	0.00E+00	0.00E+00	0.00E+00	0.00E+00	0.00E+00	0.00E+00	0.00E+00	0.00E+00	0.00E+00	0.00E+00	0.00E+00	0.00E+00	0.00E+00	0.00E+00	0.00E+00	0.00E+00	0.00E+00
46	46	1.12952 	7.99E+04	267 	4.19E+16	1.55E+16	3.35E+11	2.20E+07	3.80E+09	2.34E+13	1.93E+08	1.64E+07	1.43E+12	1.69E+07	0.00E+00	0.00E+00	0.00E+00	0.00E+00	0.00E+00	0.00E+00	0.00E+00	0.00E+00	0.00E+00	0.00E+00	0.00E+00	0.00E+00	0.00E+00	0.00E+00	0.00E+00	0.00E+00	0.00E+00	0.00E+00
47	47	0.99113 	8.79E+04	268 	3.66E+16	1.41E+16	2.71E+11	2.07E+07	4.75E+09	2.10E+13	1.86E+08	1.59E+07	1.24E+12	9.78E+06	0.00E+00	0.00E+00	0.00E+00	0.00E+00	0.00E+00	0.00E+00	0.00E+00	0.00E+00	0.00E+00	0.00E+00	0.00E+00	0.00E+00	0.00E+00	0.00E+00	0.00E+00	0.00E+00	0.00E+00	0.00E+00
48	48	0.87309 	9.69E+04	269 	3.20E+16	1.27E+16	2.14E+11	1.91E+07	5.71E+09	1.89E+13	1.86E+08	1.46E+07	1.07E+12	6.96E+06	0.00E+00	0.00E+00	0.00E+00	0.00E+00	0.00E+00	0.00E+00	0.00E+00	0.00E+00	0.00E+00	0.00E+00	0.00E+00	0.00E+00	0.00E+00	0.00E+00	0.00E+00	0.00E+00	0.00E+00	0.00E+00
49	49	0.76272 	1.07E+05	271 	2.79E+16	1.16E+16	1.71E+11	1.80E+07	6.69E+09	1.75E+13	1.79E+08	1.37E+07	8.96E+11	3.91E+06	0.00E+00	0.00E+00	0.00E+00	0.00E+00	0.00E+00	0.00E+00	0.00E+00	0.00E+00	0.00E+00	0.00E+00	0.00E+00	0.00E+00	0.00E+00	0.00E+00	0.00E+00	0.00E+00	0.00E+00	0.00E+00
50	50	0.66534 	1.18E+05	271 	2.44E+16	1.02E+16	1.33E+11	1.66E+07	7.62E+09	1.54E+13	1.73E+08	1.22E+07	7.41E+11	2.64E+06	0.00E+00	0.00E+00	0.00E+00	0.00E+00	0.00E+00	0.00E+00	0.00E+00	0.00E+00	0.00E+00	0.00E+00	0.00E+00	0.00E+00	0.00E+00	0.00E+00	0.00E+00	0.00E+00	0.00E+00	0.00E+00
51	51	0.58027 	1.32E+05	271 	2.13E+16	8.98E+15	1.01E+11	1.52E+07	8.28E+09	1.36E+13	1.73E+08	1.18E+07	6.06E+11	1.83E+06	0.00E+00	0.00E+00	0.00E+00	0.00E+00	0.00E+00	0.00E+00	0.00E+00	0.00E+00	0.00E+00	0.00E+00	0.00E+00	0.00E+00	0.00E+00	0.00E+00	0.00E+00	0.00E+00	0.00E+00	0.00E+00
52	52	0.50612 	1.48E+05	268 	1.86E+16	7.47E+15	7.71E+10	1.44E+07	9.09E+09	1.11E+13	1.67E+08	1.05E+07	4.87E+11	1.14E+06	0.00E+00	0.00E+00	0.00E+00	0.00E+00	0.00E+00	0.00E+00	0.00E+00	0.00E+00	0.00E+00	0.00E+00	0.00E+00	0.00E+00	0.00E+00	0.00E+00	0.00E+00	0.00E+00	0.00E+00	0.00E+00
53	53	0.44536 	1.66E+05	266 	1.63E+16	6.19E+15	6.30E+10	1.26E+07	1.06E+10	9.29E+12	1.73E+08	9.30E+06	3.91E+11	7.33E+05	0.00E+00	0.00E+00	0.00E+00	0.00E+00	0.00E+00	0.00E+00	0.00E+00	0.00E+00	0.00E+00	0.00E+00	0.00E+00	0.00E+00	0.00E+00	0.00E+00	0.00E+00	0.00E+00	0.00E+00	0.00E+00
54	54	0.38612 	1.83E+05	264 	1.42E+16	5.11E+15	5.03E+10	1.17E+07	1.20E+10	7.75E+12	1.73E+08	8.25E+06	3.38E+11	5.22E+05	0.00E+00	0.00E+00	0.00E+00	0.00E+00	0.00E+00	0.00E+00	0.00E+00	0.00E+00	0.00E+00	0.00E+00	0.00E+00	0.00E+00	0.00E+00	0.00E+00	0.00E+00	0.00E+00	0.00E+00	0.00E+00
55	55	0.33470 	2.02E+05	261 	1.24E+16	4.21E+15	4.05E+10	1.08E+07	1.35E+10	6.27E+12	1.73E+08	7.33E+06	2.91E+11	3.34E+05	0.00E+00	0.00E+00	0.00E+00	0.00E+00	0.00E+00	0.00E+00	0.00E+00	0.00E+00	0.00E+00	0.00E+00	0.00E+00	0.00E+00	0.00E+00	0.00E+00	0.00E+00	0.00E+00	0.00E+00	0.00E+00
56	56	0.28953 	2.26E+05	259 	1.08E+16	3.45E+15	3.24E+10	1.01E+07	1.52E+10	5.20E+12	1.79E+08	6.70E+06	2.50E+11	2.14E+05	0.00E+00	0.00E+00	0.00E+00	0.00E+00	0.00E+00	0.00E+00	0.00E+00	0.00E+00	0.00E+00	0.00E+00	0.00E+00	0.00E+00	0.00E+00	0.00E+00	0.00E+00	0.00E+00	0.00E+00	0.00E+00
57	57	0.24977 	2.52E+05	256 	9.48E+15	2.82E+15	2.70E+10	8.95E+06	1.78E+10	4.17E+12	1.79E+08	6.12E+06	2.15E+11	1.69E+05	0.00E+00	0.00E+00	0.00E+00	0.00E+00	0.00E+00	0.00E+00	0.00E+00	0.00E+00	0.00E+00	0.00E+00	0.00E+00	0.00E+00	0.00E+00	0.00E+00	0.00E+00	0.00E+00	0.00E+00	0.00E+00
58	58	0.21759 	2.77E+05	254 	8.28E+15	2.30E+15	2.32E+10	8.28E+06	2.14E+10	3.43E+12	1.86E+08	5.28E+06	1.83E+11	1.17E+05	0.00E+00	0.00E+00	0.00E+00	0.00E+00	0.00E+00	0.00E+00	0.00E+00	0.00E+00	0.00E+00	0.00E+00	0.00E+00	0.00E+00	0.00E+00	0.00E+00	0.00E+00	0.00E+00	0.00E+00	0.00E+00
59	59	0.18723 	3.07E+05	252 	7.23E+15	1.87E+15	1.98E+10	7.32E+06	2.57E+10	2.82E+12	1.93E+08	4.54E+06	1.56E+11	6.96E+04	0.00E+00	0.00E+00	0.00E+00	0.00E+00	0.00E+00	0.00E+00	0.00E+00	0.00E+00	0.00E+00	0.00E+00	0.00E+00	0.00E+00	0.00E+00	0.00E+00	0.00E+00	0.00E+00	0.00E+00	0.00E+00
60	60	0.15996 	3.42E+05	247 	6.32E+15	1.39E+15	1.69E+10	7.21E+06	3.26E+10	2.09E+12	1.79E+08	4.28E+06	1.32E+11	5.08E+04	0.00E+00	0.00E+00	0.00E+00	0.00E+00	0.00E+00	0.00E+00	0.00E+00	0.00E+00	0.00E+00	0.00E+00	0.00E+00	0.00E+00	0.00E+00	0.00E+00	0.00E+00	0.00E+00	0.00E+00	0.00E+00
