1.0121038414533600E-12
1.0047235596221900E-12
9.9361885772684500E-13
9.8756427866439000E-13
9.7759887217493100E-13
9.7309989344265100E-13
9.6449713517636100E-13
9.6179645470299400E-13
9.5479162992423900E-13
9.4303512510184000E-13
9.2605958790137500E-13
8.9162637004404000E-13
8.5658625329819600E-13
8.2114306214689600E-13
7.8551677875699100E-13
7.4382510223236000E-13
7.0252891246678500E-13
6.6198303113141000E-13
6.2250629907531900E-13
5.8436338390983900E-13
5.4253152829626900E-13
5.0290684060939600E-13
4.6553553499289700E-13
4.3035791220430300E-13
3.9724020878048900E-13
3.6601161284464700E-13
3.3649915656871200E-13
3.0855460192307900E-13
2.8207009600627600E-13
2.5698233822811000E-13
2.3046342986890400E-13
2.0571251334226700E-13
1.8275066215744300E-13
1.6159844187581000E-13
1.4226011969022700E-13
1.2471483730381200E-13
1.0736444891097500E-13
9.2061828386387500E-14
7.8665694765018900E-14
6.8019416887563400E-14
5.7801487573337900E-14
4.9008499810087900E-14
4.1474608272402400E-14
3.5575919495399400E-14
3.0019331738339200E-14
2.5302830902310700E-14
2.1959016610193400E-14
1.9041961725985000E-14
1.6253304607219600E-14
1.4289779914995600E-14
1.2557325222783200E-14
1.1549062660434900E-14
1.0461114442434000E-14
9.4757447111601100E-15
8.7209251826581800E-15
7.9013076251667400E-15
7.2765205449843000E-15
6.5946835440796200E-15
5.9773483396112400E-15
5.6993188323288300E-15
