1.12E-14
1.00E-14
8.96E-15
7.94E-15
7.07E-15
6.22E-15
5.50E-15
4.81E-15
4.22E-15
3.72E-15
3.29E-15
2.98E-15
2.69E-15
2.42E-15
2.17E-15
1.96E-15
1.76E-15
1.58E-15
1.42E-15
1.27E-15
1.14E-15
1.03E-15
9.20E-16
8.24E-16
7.37E-16
6.59E-16
5.88E-16
5.24E-16
4.67E-16
4.15E-16
3.72E-16
3.34E-16
2.99E-16
2.67E-16
2.39E-16
2.13E-16
1.92E-16
1.73E-16
1.55E-16
1.39E-16
1.24E-16
1.12E-16
1.00E-16
8.92E-17
8.00E-17
7.17E-17
6.33E-17
5.58E-17
4.96E-17
4.34E-17
3.80E-17
3.26E-17
2.81E-17
2.42E-17
2.07E-17
1.78E-17
1.52E-17
1.31E-17
1.13E-17
9.50E-18
