1.50E-08
1.57E-08
1.72E-08
1.79E-08
1.96E-08
2.05E-08
2.14E-08
2.33E-08
2.55E-08
2.78E-08
2.91E-08
3.18E-08
3.62E-08
3.96E-08
4.72E-08
5.15E-08
6.15E-08
7.01E-08
7.66E-08
8.74E-08
1.04E-07
1.19E-07
1.42E-07
1.55E-07
1.85E-07
2.11E-07
2.40E-07
2.87E-07
3.27E-07
3.90E-07
4.45E-07
5.08E-07
5.80E-07
6.61E-07
7.89E-07
9.00E-07
1.03E-06
1.22E-06
1.40E-06
1.59E-06
1.82E-06
2.08E-06
2.37E-06
2.70E-06
3.08E-06
3.37E-06
3.84E-06
4.39E-06
5.01E-06
5.97E-06
6.52E-06
7.44E-06
8.12E-06
9.68E-06
1.11E-05
1.21E-05
1.38E-05
1.57E-05
1.72E-05
2.05E-05
