1.720965309E+14
1.699312519E+14
1.681597845E+14
1.669777152E+14
1.664870943E+14
1.667334956E+14
1.676347052E+14
1.689410801E+14
1.704568583E+14
1.719440960E+14
1.732336320E+14
1.742445328E+14
1.748606202E+14
1.751207705E+14
1.750850064E+14
1.747534381E+14
1.741261757E+14
1.732385132E+14
1.721882322E+14
1.710062405E+14
1.696274544E+14
1.681152310E+14
1.665111074E+14
1.647313518E+14
1.629925505E+14
1.612119028E+14
1.596118183E+14
1.583796140E+14
1.574939450E+14
1.570515108E+14
1.569281238E+14
1.571527854E+14
1.575522559E+14
1.580079308E+14
1.583449629E+14
1.584273737E+14
1.579812505E+14
1.568469003E+14
1.549746982E+14
1.521356152E+14
1.483977002E+14
1.437338049E+14
1.384945379E+14
1.327774954E+14
1.267029121E+14
1.205316028E+14
1.142827715E+14
1.081162965E+14
1.018555037E+14
9.553101070E+13
8.918845655E+13
8.283096150E+13
7.651861895E+13
7.034695650E+13
6.436684445E+13
5.871434145E+13
5.352519865E+13
4.890671884E+13
4.500128736E+13
4.198906224E+13
4.004463208E+13
3.931362812E+13
3.992225831E+13
4.191131377E+13
4.517881483E+13
4.947847558E+13
5.448403040E+13
5.983784470E+13
6.521659590E+13
7.041579260E+13
7.537372040E+13
8.013801215E+13
8.487069055E+13
8.975495380E+13
9.494118555E+13
1.005077327E+14
1.065389187E+14
1.127281683E+14
1.188514377E+14
1.245543723E+14
1.294494000E+14
1.334630460E+14
1.363628663E+14
1.383188354E+14
1.393944882E+14
1.399648549E+14
1.402922532E+14
1.404972958E+14
1.407491544E+14
1.410272347E+14
1.413757659E+14
1.416825922E+14
1.418916770E+14
1.419351783E+14
1.418503901E+14
1.416679953E+14
1.413227962E+14
1.408468348E+14
1.400829835E+14
1.389916138E+14
1.374844033E+14
1.356114802E+14
1.334464097E+14
1.309893018E+14
1.282402668E+14
1.252567282E+14
1.220789571E+14
1.186514715E+14
1.150964808E+14
1.115423793E+14
1.082008489E+14
1.053019071E+14
1.028907669E+14
1.010175320E+14
9.954135140E+13
9.814387925E+13
9.653107010E+13
9.439864370E+13
9.152623675E+13
8.782347220E+13
8.331029540E+13
7.808579820E+13
7.230103895E+13
6.616432455E+13
5.989646020E+13
5.371015610E+13
4.785409778E+13
4.259214162E+13
3.815669276E+13
3.471722009E+13
3.243356132E+13
3.140068123E+13
3.160174598E+13
3.298445420E+13
3.544250884E+13
3.883794350E+13
4.299772386E+13
4.773786679E+13
5.291161620E+13
5.841296945E+13
6.414131270E+13
7.002288955E+13
7.601418245E+13
8.204060340E+13
8.797713585E+13
9.368766460E+13
9.900138295E+13
1.037529790E+14
1.077893844E+14
1.110113815E+14
1.132990075E+14
1.147934439E+14
1.154638751E+14
1.155987535E+14
1.155008845E+14
1.155271861E+14
1.158696318E+14
1.167082043E+14
1.181387015E+14
1.202365545E+14
1.228962563E+14
1.259256940E+14
1.291328520E+14
1.323325032E+14
1.354170862E+14
1.381187774E+14
1.405254244E+14
1.425509450E+14
1.443801265E+14
1.459201847E+14
1.472658055E+14
1.483203032E+14
1.490825909E+14
1.495546747E+14
1.496411056E+14
1.493409329E+14
1.486543036E+14
1.475813645E+14
1.460302074E+14
1.440876420E+14
1.416689278E+14
1.387679681E+14
1.356506099E+14
1.321655854E+14
1.284689147E+14
1.248379271E+14
1.213894231E+14
1.184715183E+14
1.163831902E+14
1.151636437E+14
1.150572391E+14
1.158661663E+14
1.173831737E+14
1.192589773E+14
1.213454626E+14
1.233154079E+14
1.250920746E+14
1.266755363E+14
1.278421065E+14
1.286740549E+14
1.292167732E+14
1.295423455E+14
1.297463068E+14
1.297836773E+14
1.297671820E+14
1.296137000E+14
1.293353471E+14
1.288272994E+14
1.280965411E+14
1.273685572E+14
1.266086751E+14
1.258793367E+14
1.250591388E+14
1.239852447E+14
1.224410946E+14
1.202007914E+14
1.171919156E+14
1.134728335E+14
1.092534864E+14
1.047634655E+14
1.003597600E+14
9.648568325E+13
9.346322450E+13
9.148669835E+13
9.059358355E+13
9.067521900E+13
9.150858495E+13
9.277829885E+13
9.418539370E+13
9.552066310E+13
9.662244265E+13
9.735212805E+13
9.763633740E+13
9.753075030E+13
9.710522720E+13
9.644612695E+13
9.576914355E+13
9.524122260E+13
9.498981865E+13
9.511268600E+13
9.561517035E+13
9.647746465E+13
9.773741780E+13
9.940793750E+13
1.013978490E+14
1.036127038E+14
1.059161980E+14
1.078353346E+14
1.090542790E+14
1.092242087E+14
1.080904938E+14
1.056362299E+14
1.022134480E+14
9.819882060E+13
9.418374915E+13
9.071560120E+13
8.828078120E+13
8.716586825E+13
8.747203850E+13
8.909600790E+13
9.175416040E+13
9.505305860E+13
9.858580220E+13
1.020855262E+14
1.052801240E+14
1.080917295E+14
1.105046409E+14
1.124693247E+14
1.141187107E+14
1.152636406E+14
1.157399032E+14
1.155130465E+14
1.143209602E+14
1.120792838E+14
1.087974265E+14
1.045866562E+14
9.973391365E+13
9.457699650E+13
8.966928170E+13
8.548940325E+13
8.244592260E+13
8.077863675E+13
8.055759875E+13
8.163790205E+13
8.368825555E+13
8.634086525E+13
8.924175475E+13
9.213340105E+13
9.488313760E+13
9.743339335E+13
9.992144270E+13
1.022237044E+14
1.043349466E+14
1.061655330E+14
1.076212354E+14
1.085198894E+14
1.090215736E+14
1.092287811E+14
1.091505156E+14
1.091250323E+14
1.093620157E+14
1.099670540E+14
1.108703395E+14
1.120586214E+14
1.132910963E+14
1.143645086E+14
1.150120275E+14
1.151842331E+14
1.148045180E+14
1.138548725E+14
1.123355168E+14
1.102466713E+14
1.075152021E+14
1.041197474E+14
1.001322016E+14
9.556901860E+13
9.057484080E+13
8.538879390E+13
8.029215720E+13
7.561007355E+13
7.163431495E+13
6.855847290E+13
6.647073850E+13
6.533763050E+13
6.499531030E+13
6.519943355E+13
6.567446285E+13
6.616268395E+13
6.644971060E+13
6.640307165E+13
6.601589530E+13
6.539804270E+13
6.471104865E+13
6.417372615E+13
6.397399750E+13
6.421492785E+13
6.489747725E+13
6.592362220E+13
6.712613500E+13
6.827783805E+13
6.914530735E+13
6.957609625E+13
6.951954145E+13
6.901798025E+13
6.823889390E+13
6.746216445E+13
6.698424845E+13
6.705936810E+13
6.787893070E+13
6.952055485E+13
7.190216075E+13
7.478413185E+13
7.784553105E+13
8.074158775E+13
8.315038550E+13
8.487028215E+13
8.587594605E+13
8.631125520E+13
8.644695465E+13
8.660787085E+13
8.708214265E+13
8.802504735E+13
8.944369175E+13
9.115327365E+13
9.285452025E+13
9.425957355E+13
9.515599485E+13
9.551402240E+13
9.552613950E+13
9.556978770E+13
9.607443670E+13
9.744384405E+13
9.997969270E+13
1.036027712E+14
1.081053904E+14
1.131677693E+14
1.183229806E+14
1.231043395E+14
1.270797125E+14
1.300021174E+14
1.317941376E+14
1.324562136E+14
1.320576803E+14
1.310393645E+14
1.296933347E+14
1.283926490E+14
1.274789509E+14
1.270644266E+14
1.273935807E+14
1.283492978E+14
1.295656840E+14
1.307631582E+14
1.316515732E+14
1.317744013E+14
1.308635922E+14
1.289167170E+14
1.258470590E+14
1.218423836E+14
1.171825935E+14
1.122407238E+14
1.073001384E+14
1.026408892E+14
9.863444455E+13
9.545098185E+13
9.327574250E+13
9.215039935E+13
9.202263815E+13
9.276569370E+13
9.419665380E+13
9.604282220E+13
9.817949765E+13
1.004271900E+14
1.026000455E+14
1.045954532E+14
1.065674921E+14
1.082946682E+14
1.097403061E+14
1.107450136E+14
1.112811051E+14
1.113487643E+14
1.110253822E+14
1.105566283E+14
1.100698852E+14
1.098819291E+14
1.102160427E+14
1.113304884E+14
1.133589133E+14
1.163224015E+14
1.200092834E+14
1.243499436E+14
1.290691533E+14
1.338639627E+14
1.383893016E+14
1.424070901E+14
1.456015239E+14
1.478604976E+14
1.491843784E+14
1.496363643E+14
1.493093874E+14
1.484797621E+14
1.472767463E+14
1.458194016E+14
1.442342958E+14
1.425562366E+14
1.408421900E+14
1.392968495E+14
1.379214008E+14
1.368028333E+14
1.359506417E+14
1.353379706E+14
1.348496519E+14
1.343104181E+14
1.335776715E+14
1.325653880E+14
1.311766431E+14
1.293698502E+14
1.271907080E+14
1.246393633E+14
1.218062801E+14
1.188762397E+14
1.160339261E+14
1.134212844E+14
1.111723264E+14
1.093895514E+14
1.080727757E+14
1.071039479E+14
1.063599877E+14
1.058578156E+14
1.055418879E+14
1.054121310E+14
1.054684716E+14
1.057108361E+14
1.061057205E+14
1.065283046E+14
1.068260304E+14
1.069377295E+14
1.068333876E+14
1.064502262E+14
1.057315198E+14
1.046035484E+14
1.032506341E+14
1.018829162E+14
1.007765683E+14
1.003046032E+14
1.009939294E+14
1.030055478E+14
1.063874511E+14
1.109634502E+14
1.162530769E+14
1.216272322E+14
1.262767843E+14
1.297639002E+14
1.314540696E+14
1.311959973E+14
1.290357184E+14
1.252354242E+14
1.200198136E+14
1.138236275E+14
1.069581335E+14
9.991893215E+13
9.282916230E+13
8.612951540E+13
8.017622075E+13
7.530407875E+13
7.178770785E+13
6.977067920E+13
6.921410130E+13
6.989417960E+13
7.152533390E+13
7.380738970E+13
7.654067155E+13
7.964394640E+13
8.317205045E+13
8.716509500E+13
9.159255370E+13
9.637087305E+13
1.011172147E+14
1.055909579E+14
1.093396851E+14
1.119056483E+14
1.130065848E+14
1.124551112E+14
1.099827971E+14
1.059114858E+14
1.002709165E+14
9.369580775E+13
8.670038795E+13
7.981985905E+13
7.366684500E+13
6.873502115E+13
6.536483860E+13
6.375816910E+13
6.400411460E+13
6.602927370E+13
6.964127975E+13
7.454666940E+13
8.037477280E+13
8.668266540E+13
9.297698705E+13
9.892023195E+13
1.040571354E+14
1.082009576E+14
1.113300012E+14
1.134446701E+14
1.147480767E+14
1.155144192E+14
1.159518462E+14
1.162430235E+14
1.164420406E+14
1.164855262E+14
1.162823114E+14
1.155560411E+14
1.139420970E+14
1.112563022E+14
1.074079022E+14
1.024814544E+14
9.683247855E+13
9.109295270E+13
8.591720290E+13
8.188987870E+13
7.953024185E+13
7.917080540E+13
8.091747355E+13
8.464780130E+13
9.007729120E+13
9.678224470E+13
1.042811679E+14
1.120028786E+14
1.193924749E+14
1.260419021E+14
1.315875014E+14
1.358916180E+14
1.388683718E+14
1.405064877E+14
1.408659106E+14
1.399745758E+14
1.379005813E+14
1.347038182E+14
1.306301662E+14
1.258479625E+14
1.206678208E+14
1.153795145E+14
1.102008519E+14
1.053337735E+14
1.009722635E+14
9.727771020E+13
9.420922135E+13
9.192740760E+13
9.049522945E+13
8.996378795E+13
9.037855060E+13
9.175107805E+13
9.409634600E+13
9.732035210E+13
1.011841027E+14
1.056365848E+14
1.104225464E+14
1.151834886E+14
1.197371167E+14
1.237407946E+14
1.271521984E+14
1.297698887E+14
1.314205405E+14
1.322292840E+14
1.321418643E+14
1.312835491E+14
1.298935985E+14
1.280782992E+14
1.260335916E+14
1.240172187E+14
1.222101757E+14
1.207933610E+14
1.199246942E+14
1.196039551E+14
1.198211182E+14
1.204765368E+14
1.213810030E+14
1.222558080E+14
1.227589492E+14
1.227830214E+14
1.219814013E+14
1.202681393E+14
1.176468744E+14
1.142181427E+14
1.104306556E+14
1.065571725E+14
1.030492640E+14
1.002776234E+14
9.850893420E+13
9.765239425E+13
9.788574520E+13
9.885726350E+13
1.005569222E+14
1.024625588E+14
1.043774271E+14
1.058651424E+14
1.068129439E+14
1.070471971E+14
1.066364175E+14
1.056710168E+14
1.044037636E+14
1.030247829E+14
1.018734589E+14
1.010739198E+14
1.008719284E+14
1.013062284E+14
1.024528233E+14
1.041751665E+14
1.063675555E+14
1.088659776E+14
1.114902726E+14
1.140603776E+14
1.163963268E+14
1.183887563E+14
1.199478352E+14
1.209837813E+14
1.214749024E+14
1.214214188E+14
1.208235509E+14
1.196815189E+14
1.181898237E+14
1.164903801E+14
1.147362654E+14
1.131695241E+14
1.118751785E+14
1.110957714E+14
1.109510120E+14
1.113225913E+14
1.120307007E+14
1.128956287E+14
1.137377609E+14
1.144333338E+14
1.150025293E+14
1.154268984E+14
1.158299832E+14
1.162709933E+14
1.168668878E+14
1.177341164E+14
1.188725690E+14
1.201836933E+14
1.216333270E+14
1.230731062E+14
1.243316140E+14
1.252710449E+14
1.257581460E+14
1.258374314E+14
1.255551320E+14
1.249540965E+14
1.241240116E+14
1.231545152E+14
1.220949362E+14
1.209847589E+14
1.199135124E+14
1.188950341E+14
1.178398185E+14
1.166946051E+14
1.153532770E+14
1.136858607E+14
1.116468815E+14
1.090670678E+14
1.060109162E+14
1.025634384E+14
9.878798765E+13
9.498278740E+13
9.138436630E+13
8.827140615E+13
8.576728115E+13
8.400606625E+13
8.303838610E+13
8.284652505E+13
8.335083790E+13
8.442605155E+13
8.594247705E+13
8.776145050E+13
8.977455250E+13
9.194016300E+13
9.423903235E+13
9.662417400E+13
9.915351465E+13
1.016821638E+14
1.041462878E+14
1.062347408E+14
1.078441859E+14
1.088100924E+14
1.090563355E+14
1.085832088E+14
1.074021278E+14
1.056024656E+14
1.032925690E+14
1.007224135E+14
9.798905485E+13
9.525643720E+13
9.252833600E+13
8.985321685E+13
8.720810640E+13
8.463748610E+13
8.219104535E+13
8.006558870E+13
7.850085735E+13
7.771910200E+13
7.796198915E+13
7.944308300E+13
8.226020270E+13
8.635970800E+13
9.154703940E+13
9.730387235E+13
1.031661574E+14
1.084324724E+14
1.125618026E+14
1.152733350E+14
1.163842970E+14
1.161290059E+14
1.146929267E+14
1.123347055E+14
1.094806160E+14
1.063375796E+14
1.030831793E+14
9.981752275E+13
9.655275540E+13
9.321312045E+13
8.967249220E+13
8.594621770E+13
8.213003115E+13
7.844637160E+13
7.525092240E+13
7.295292115E+13
7.189137515E+13
7.225310425E+13
7.402379530E+13
7.695818385E+13
8.058086410E+13
8.435364690E+13
8.775595835E+13
9.039691305E+13
9.204613665E+13
9.269406010E+13
9.248364580E+13
9.165340090E+13
9.028175915E+13
8.854481530E+13
8.656109310E+13
8.439230095E+13
8.212639920E+13
7.988321815E+13
7.782311620E+13
7.616110565E+13
7.510324885E+13
7.479233115E+13
7.525915150E+13
7.639443590E+13
7.797429870E+13
7.972864100E+13
8.142297245E+13
8.295090365E+13
8.435254365E+13
8.578108475E+13
8.743489280E+13
8.947190535E+13
9.198446240E+13
9.492970715E+13
9.818741440E+13
1.015016697E+14
1.046370697E+14
1.074727965E+14
1.097840197E+14
1.114720708E+14
1.125372067E+14
1.130167791E+14
1.129628366E+14
1.124465886E+14
1.115749908E+14
1.103820854E+14
1.089560582E+14
1.073527494E+14
1.056037306E+14
1.037970789E+14
1.020208228E+14
1.003629421E+14
9.888306255E+13
9.752609535E+13
9.614278825E+13
9.456746935E+13
9.252383995E+13
8.993147035E+13
8.671493920E+13
8.283978330E+13
7.850181145E+13
7.392022640E+13
6.937766100E+13
6.517275915E+13
6.152378715E+13
5.856545120E+13
5.637134750E+13
5.496438500E+13
5.423266685E+13
5.402956525E+13
5.417654145E+13
5.448171975E+13
5.477317900E+13
5.497066690E+13
5.511782730E+13
5.539333010E+13
5.606619150E+13
5.738089890E+13
5.955860725E+13
6.264183435E+13
6.644705420E+13
7.067953180E+13
7.496189250E+13
7.891160015E+13
8.221808220E+13
8.470917225E+13
8.632456470E+13
8.704762870E+13
8.694644540E+13
8.611681850E+13
8.464251710E+13
8.265490585E+13
8.028544085E+13
7.765694220E+13
7.494287460E+13
7.232659390E+13
7.001666540E+13
6.815686240E+13
6.689503590E+13
6.628254190E+13
6.627477925E+13
6.674776015E+13
6.753885275E+13
6.850522630E+13
6.953778070E+13
7.062292090E+13
7.189604330E+13
7.353656320E+13
7.577920420E+13
7.878800155E+13
8.250929225E+13
8.671855040E+13
9.101460410E+13
9.485674255E+13
9.781587630E+13
9.960198480E+13
1.001557232E+14
9.974345720E+13
9.871430825E+13
9.741720340E+13
9.613679990E+13
9.513452030E+13
9.448418500E+13
9.406226565E+13
9.381624565E+13
9.362584810E+13
9.343549995E+13
9.312817400E+13
9.270296230E+13
9.224696030E+13
9.195948100E+13
9.199083955E+13
9.242791230E+13
9.346503625E+13
9.499218185E+13
9.686993045E+13
9.889262340E+13
1.007629899E+14
1.023198717E+14
1.034274719E+14
1.040567896E+14
1.043423467E+14
1.043648028E+14
1.042617885E+14
1.041587989E+14
1.041443539E+14
1.042616857E+14
1.044239112E+14
1.045860874E+14
1.046249079E+14
1.044009898E+14
1.039539679E+14
1.032932307E+14
1.024839041E+14
1.017119595E+14
1.011004840E+14
1.007872631E+14
1.007892843E+14
1.010537309E+14
1.015472699E+14
1.021506988E+14
1.026590060E+14
1.029048840E+14
1.028884429E+14
1.026097928E+14
1.020975497E+14
1.014938497E+14
1.009507461E+14
1.004077907E+14
9.983961805E+13
9.918427100E+13
9.841798965E+13
9.750032120E+13
9.654007035E+13
9.566736575E+13
9.494415510E+13
9.455029050E+13
9.439916955E+13
9.433098850E+13
9.398363420E+13
9.320380655E+13
9.163943815E+13
8.929085960E+13
8.619728630E+13
8.260315170E+13
7.882122220E+13
7.522049080E+13
7.214811960E+13
6.988924810E+13
6.859685060E+13
6.833152220E+13
6.907196635E+13
7.067233145E+13
7.291257120E+13
7.562736245E+13
7.863538925E+13
8.176182710E+13
8.495558925E+13
8.818027125E+13
9.134219780E+13
9.439566535E+13
9.710009965E+13
9.936703515E+13
1.008476774E+14
1.013726664E+14
1.007701573E+14
9.903825565E+13
9.642985175E+13
9.320357965E+13
8.986560960E+13
8.676064850E+13
8.421610030E+13
8.248650085E+13
8.164628490E+13
8.163735455E+13
8.233607180E+13
8.355921795E+13
8.512504395E+13
8.686042245E+13
8.862324800E+13
9.043858550E+13
9.211668725E+13
9.369325560E+13
9.511114900E+13
9.628454065E+13
9.733757745E+13
9.816528810E+13
9.886967635E+13
9.962248475E+13
1.004616840E+14
1.014532910E+14
1.025525100E+14
1.036090120E+14
1.045149494E+14
1.051846133E+14
1.054702062E+14
1.053231045E+14
1.046829192E+14
1.035837168E+14
1.019343781E+14
9.979664535E+13
9.716976465E+13
9.413826140E+13
9.076186780E+13
8.728318160E+13
8.394325335E+13
8.096896550E+13
7.858335945E+13
7.694148615E+13
7.605877145E+13
7.578422780E+13
7.586396675E+13
7.602039565E+13
7.599417320E+13
7.562722315E+13
7.494584040E+13
7.411561665E+13
7.338227435E+13
7.302344110E+13
7.327338385E+13
7.425164330E+13
7.593783810E+13
7.818871395E+13
8.074258805E+13
8.325501250E+13
8.536267580E+13
8.676030890E+13
8.727986105E+13
8.693231210E+13
8.591023025E+13
8.453387755E+13
8.317541865E+13
8.215502455E+13
8.167108730E+13
8.177921935E+13
8.240009735E+13
8.337537540E+13
8.448882920E+13
8.551877915E+13
8.624646300E+13
8.648068530E+13
8.609526970E+13
8.502320685E+13
8.327150565E+13
8.095688770E+13
7.828475875E+13
7.550541045E+13
7.292318155E+13
7.084009185E+13
6.954254705E+13
6.919873400E+13
6.986243550E+13
7.148445360E+13
7.390433110E+13
7.685842180E+13
8.006756985E+13
8.332871750E+13
8.641223940E+13
8.913917855E+13
9.138745845E+13
9.309720675E+13
9.412065265E+13
9.445808980E+13
9.411923505E+13
9.320661225E+13
9.196731285E+13
9.057839570E+13
8.928187840E+13
8.815700915E+13
8.721383750E+13
8.661101220E+13
8.612261170E+13
8.560211260E+13
8.483041700E+13
8.365568285E+13
8.198526555E+13
7.989352025E+13
7.760513130E+13
7.546061800E+13
7.378204370E+13
7.279106900E+13
7.264980875E+13
7.337146610E+13
7.482627480E+13
7.685433425E+13
7.930248225E+13
8.192363185E+13
8.450277325E+13
8.683606580E+13
8.884284015E+13
9.028150585E+13
9.119713870E+13
9.152630070E+13
9.147807025E+13
9.116113620E+13
9.080376645E+13
9.058855440E+13
9.061422835E+13
9.082622765E+13
9.120868480E+13
9.142183035E+13
9.131203360E+13
9.066218055E+13
8.935040080E+13
8.735739405E+13
8.481161665E+13
8.190112785E+13
7.882020900E+13
7.570743775E+13
7.263215750E+13
6.965099440E+13
6.675755065E+13
6.396500385E+13
6.132441840E+13
5.894618655E+13
5.699327380E+13
5.568144035E+13
5.521348795E+13
5.573118150E+13
5.728275310E+13
5.979737005E+13
6.311009600E+13
6.696567400E+13
7.108923775E+13
7.520482360E+13
7.905056340E+13
8.244479590E+13
8.526721290E+13
8.749219980E+13
8.903885540E+13
9.000062085E+13
9.044954070E+13
9.047769895E+13
9.029388830E+13
9.010771480E+13
9.017333005E+13
9.069900930E+13
9.173906515E+13
9.320273630E+13
9.489987560E+13
9.644760410E+13
9.751002930E+13
9.785856145E+13
9.744448490E+13
9.633648505E+13
9.473615935E+13
9.289550720E+13
9.106638235E+13
8.943823460E+13
8.809486920E+13
8.706083005E+13
8.626653785E+13
8.569804530E+13
8.538078200E+13
8.533547565E+13
8.564840800E+13
8.642663755E+13
8.770556635E+13
8.929875360E+13
9.107676220E+13
9.274422430E+13
9.396744120E+13
9.460140710E+13
9.441013630E+13
9.345872630E+13
9.176572095E+13
8.945003990E+13
8.675295700E+13
8.387064430E+13
8.098947540E+13
7.833930715E+13
7.612363470E+13
7.451785715E+13
7.368511440E+13
7.370333670E+13
7.454676340E+13
7.606407455E+13
7.802677870E+13
8.011471425E+13
8.199298460E+13
8.341308490E+13
8.424955765E+13
8.448725870E+13
8.425581455E+13
8.375729325E+13
8.322424695E+13
8.285554750E+13
8.279922925E+13
8.309619385E+13
8.372122165E+13
8.460898475E+13
8.570704090E+13
8.696500685E+13
8.830798960E+13
8.973467625E+13
9.140736020E+13
9.309057110E+13
9.493256385E+13
9.662661650E+13
9.823020895E+13
9.951725860E+13
1.003912918E+14
1.006934158E+14
1.004075295E+14
9.953389005E+13
9.807275445E+13
9.609715635E+13
9.383454030E+13
9.124954450E+13
8.847062625E+13
8.563628220E+13
8.276920515E+13
8.001265565E+13
7.754787420E+13
7.555756160E+13
7.424409195E+13
7.373665920E+13
7.408492485E+13
7.522625240E+13
7.699347035E+13
7.912698045E+13
8.134435790E+13
8.338759195E+13
8.509757205E+13
8.633814905E+13
8.713185865E+13
8.762198430E+13
8.786087930E+13
8.796081230E+13
8.797704225E+13
8.785503935E+13
8.751196675E+13
8.691809085E+13
8.591662440E+13
8.456327130E+13
8.292068810E+13
8.104937405E+13
7.905730995E+13
7.708416750E+13
7.527515745E+13
7.377789860E+13
7.279019020E+13
7.251706805E+13
7.309931660E+13
7.458744515E+13
7.689850455E+13
7.976046015E+13
8.276333425E+13
8.545233305E+13
8.734447100E+13
8.808588305E+13
8.757606230E+13
8.582315645E+13
8.301178985E+13
7.952708775E+13
7.575290965E+13
7.204609355E+13
6.869646070E+13
6.590625200E+13
6.375978105E+13
6.227833005E+13
6.144688110E+13
6.120827525E+13
6.152694330E+13
6.237789030E+13
6.374178315E+13
6.560465045E+13
6.792281600E+13
7.059803470E+13
7.347805505E+13
7.634047095E+13
7.890033810E+13
8.085654860E+13
8.190964740E+13
8.181363725E+13
8.041910625E+13
7.775642390E+13
7.401482965E+13
6.955848415E+13
6.492472720E+13
6.074737200E+13
5.764031165E+13
5.610524385E+13
5.645608990E+13
5.874152925E+13
6.272762315E+13
6.793302210E+13
7.375812100E+13
7.956586900E+13
8.477284430E+13
8.900101885E+13
9.211758390E+13
9.400595575E+13
9.484569875E+13
9.494594230E+13
9.440089660E+13
9.343661890E+13
9.198439040E+13
9.020494095E+13
8.818048855E+13
8.599385480E+13
8.375421135E+13
8.170741375E+13
8.006699525E+13
7.908627125E+13
7.894140165E+13
7.966489610E+13
8.115925790E+13
8.320513315E+13
8.547741710E+13
8.771929285E+13
8.948915960E+13
9.068514100E+13
9.122558890E+13
9.110483545E+13
9.039835610E+13
8.933714125E+13
8.801954725E+13
8.667339590E+13
8.539982325E+13
8.428061510E+13
8.339044015E+13
8.264195550E+13
8.194136070E+13
8.115077975E+13
8.017047455E+13
7.895747170E+13
7.755861885E+13
7.609828110E+13
7.478656465E+13
7.384575835E+13
7.346464035E+13
7.376642320E+13
7.476438475E+13
7.635652490E+13
7.832162220E+13
8.038268415E+13
8.225402670E+13
8.372552280E+13
8.458923545E+13
8.484553460E+13
8.458141580E+13
8.398868625E+13
8.326869505E+13
8.262226770E+13
8.224547535E+13
8.226841230E+13
8.270661745E+13
8.348687275E+13
8.438674360E+13
8.513914320E+13
8.559646030E+13
8.558223215E+13
8.503977890E+13
8.400003315E+13
8.265011605E+13
8.126504275E+13
8.009523865E+13
7.938271340E+13
7.927940680E+13
7.983682600E+13
8.098097875E+13
8.254104660E+13
8.429437020E+13
8.605040550E+13
8.758529650E+13
8.870975955E+13
8.935102065E+13
8.945404560E+13
8.906529700E+13
8.825352315E+13
8.711425990E+13
8.574601975E+13
8.442448175E+13
8.337720330E+13
8.271684750E+13
8.257101735E+13
8.294512090E+13
8.373392010E+13
8.479508320E+13
8.596691275E+13
8.694860880E+13
8.758291715E+13
8.766922530E+13
8.721695775E+13
8.615717575E+13
8.465218685E+13
8.287507685E+13
8.105787415E+13
7.949005515E+13
7.837420725E+13
7.786377195E+13
7.801866970E+13
7.883570370E+13
8.023510125E+13
8.209871255E+13
8.427311385E+13
8.667728110E+13
8.920286375E+13
9.165905150E+13
9.407782505E+13
9.625117430E+13
9.815768515E+13
9.964588655E+13
1.006351676E+14
1.010535363E+14
1.009169298E+14
1.003871233E+14
9.962579495E+13
9.880582770E+13
9.822554460E+13
9.780831620E+13
9.755406915E+13
9.745725975E+13
9.735846835E+13
9.717830885E+13
9.691681790E+13
9.657385500E+13
9.606717680E+13
9.531679040E+13
9.448348425E+13
9.340972775E+13
9.209236700E+13
9.045330165E+13
8.848959255E+13
8.612465340E+13
8.350611850E+13
8.064462880E+13
7.789798635E+13
7.551971225E+13
7.379491770E+13
7.289008280E+13
7.283604060E+13
7.349266250E+13
7.461464055E+13
7.592360260E+13
7.715175090E+13
7.812885040E+13
7.878286385E+13
7.913737650E+13
7.926554630E+13
7.927380475E+13
7.924257310E+13
7.922511900E+13
7.925080125E+13
7.931268595E+13
7.941308155E+13
7.958421525E+13
7.984824490E+13
8.023890175E+13
8.077291170E+13
8.142366660E+13
8.215100505E+13
8.288110290E+13
8.349249925E+13
8.394189920E+13
8.412147735E+13
8.397747985E+13
8.356254020E+13
8.300866900E+13
8.246596375E+13
8.205849530E+13
8.193303070E+13
8.216971595E+13
8.280202860E+13
8.374664565E+13
8.483999105E+13
8.583009670E+13
8.648729150E+13
8.674062070E+13
8.650281005E+13
8.578611245E+13
8.479296625E+13
8.368029465E+13
8.269136845E+13
8.205744600E+13
8.186198715E+13
8.217004515E+13
8.289163760E+13
8.388523770E+13
8.504741630E+13
8.621836650E+13
8.723837850E+13
8.801639325E+13
8.855252090E+13
8.884687155E+13
8.893165620E+13
8.879263480E+13
8.842360555E+13
8.788441635E+13
8.705268775E+13
8.600829700E+13
8.474780850E+13
8.319297580E+13
8.139470205E+13
7.936559685E+13
7.716900255E+13
7.489673620E+13
7.266597915E+13
7.058821800E+13
6.875509640E+13
6.719356370E+13
6.588937640E+13
6.481453935E+13
6.395493925E+13
6.331170315E+13
6.292361470E+13
6.284911975E+13
6.312136205E+13
6.373729690E+13
6.464167725E+13
6.573708885E+13
6.687636670E+13
6.789763155E+13
6.867297935E+13
6.912405905E+13
6.923868120E+13
6.908540795E+13
6.877120810E+13
6.842367675E+13
6.810028090E+13
6.779620750E+13
6.745343350E+13
6.698577075E+13
6.632328015E+13
6.542244470E+13
6.431575665E+13
6.305217460E+13
6.171881065E+13
6.039430275E+13
5.911047905E+13
5.792337690E+13
5.684915890E+13
5.593498380E+13
5.523620350E+13
5.480816605E+13
5.469069245E+13
5.486951510E+13
5.527545355E+13
5.579198570E+13
5.624814345E+13
5.648462005E+13
5.636519975E+13
5.579898590E+13
5.481383090E+13
5.349203355E+13
5.202605105E+13
5.062151715E+13
4.950456870E+13
4.885666174E+13
4.879085726E+13
4.932303690E+13
5.038046835E+13
5.183041595E+13
5.351765090E+13
5.527138870E+13
5.695568480E+13
5.849406820E+13
5.984192195E+13
6.102676990E+13
6.212006815E+13
6.320669040E+13
6.436754520E+13
6.561774530E+13
6.688071205E+13
6.800874820E+13
6.881405705E+13
6.911624780E+13
6.880736725E+13
6.789467660E+13
6.646274985E+13
6.465596985E+13
6.262961755E+13
6.052327075E+13
5.843080590E+13
5.642306920E+13
5.455143075E+13
5.285517815E+13
5.139243300E+13
5.024782455E+13
4.950188936E+13
4.922073038E+13
4.945376107E+13
5.022263265E+13
5.151782040E+13
5.330707360E+13
5.555086770E+13
5.818121335E+13
6.109165580E+13
6.414459855E+13
6.717903420E+13
7.000735330E+13
7.245848810E+13
7.441792600E+13
7.581240920E+13
7.663094470E+13
7.692132875E+13
7.675890840E+13
7.622106345E+13
7.540388400E+13
7.440472270E+13
7.332049655E+13
7.226468340E+13
7.131961995E+13
7.054509625E+13
6.995688500E+13
6.949191165E+13
6.905856490E+13
6.853162615E+13
6.778518520E+13
6.673024470E+13
6.532404995E+13
6.361734405E+13
6.169740005E+13
5.967601595E+13
5.766229660E+13
5.574028425E+13
5.399008540E+13
5.250323220E+13
5.139982140E+13
5.083775360E+13
5.097432560E+13
5.191364330E+13
5.362639550E+13
5.596626540E+13
5.864587365E+13
6.130969445E+13
6.359759565E+13
6.524136630E+13
6.606999550E+13
6.607362905E+13
6.534484950E+13
6.407733570E+13
6.245239235E+13
6.065642615E+13
5.878826740E+13
5.691340890E+13
5.503913080E+13
5.316723335E+13
5.132889495E+13
4.955805811E+13
4.795599285E+13
4.662474891E+13
4.570451797E+13
4.534303899E+13
4.567688554E+13
4.680696336E+13
4.874570643E+13
5.143863010E+13
5.470817995E+13
5.831432170E+13
6.194043525E+13
6.528248100E+13
6.812587070E+13
7.032668775E+13
7.189011505E+13
7.292521845E+13
7.361273540E+13
7.409015365E+13
7.446184320E+13
7.471179620E+13
7.476810900E+13
7.450599845E+13
7.381361360E+13
7.264846560E+13
7.103196450E+13
6.907287985E+13
6.691471070E+13
6.473656945E+13
6.270593025E+13
6.093005030E+13
5.947746600E+13
5.833766585E+13
5.743775285E+13
5.668055550E+13
5.597106235E+13
5.522200145E+13
5.435951300E+13
5.333074695E+13
5.209484095E+13
5.061863345E+13
4.889824116E+13
4.696282207E+13
4.489322014E+13
4.281085695E+13
4.087286791E+13
3.923933260E+13
3.805986844E+13
3.744202429E+13
3.745611994E+13
3.813040053E+13
3.944414904E+13
4.133531573E+13
4.369449425E+13
4.636769462E+13
4.916714534E+13
5.190493085E+13
5.441621790E+13
5.657182755E+13
5.830920820E+13
5.963378630E+13
6.059257755E+13
6.125141700E+13
6.167605560E+13
6.191700655E+13
6.199440650E+13
6.189379420E+13
6.157014660E+13
6.095838555E+13
5.999610610E+13
5.863286680E+13
5.684560000E+13
5.466149595E+13
5.217554830E+13
4.955734655E+13
4.701754298E+13
4.480658102E+13
4.318808536E+13
4.239349114E+13
4.259033661E+13
4.385352165E+13
4.612838511E+13
4.922581258E+13
5.281813895E+13
5.652642680E+13
5.997376600E+13
6.286638965E+13
6.502058810E+13
6.638359515E+13
6.699665925E+13
6.693320875E+13
6.628751470E+13
6.517731295E+13
6.370791775E+13
6.201076410E+13
6.024559760E+13
5.856137665E+13
5.708414545E+13
5.591005125E+13
5.508099955E+13
5.460975375E+13
5.445659685E+13
5.457311385E+13
5.489256200E+13
5.531811905E+13
5.577490080E+13
5.620072700E+13
5.652974090E+13
5.672438190E+13
5.675725445E+13
5.663609555E+13
5.637212925E+13
5.602711525E+13
5.566964045E+13
5.536095360E+13
5.516115320E+13
5.509238050E+13
5.513842885E+13
5.520737760E+13
5.517526220E+13
5.494985135E+13
5.443967040E+13
5.360624915E+13
5.252434170E+13
5.134501195E+13
5.022114620E+13
4.932746715E+13
4.880337045E+13
4.870729069E+13
4.906408064E+13
4.983315499E+13
5.096850890E+13
5.238971260E+13
5.401949525E+13
5.578144645E+13
5.757916140E+13
5.930683915E+13
6.089697605E+13
6.228215620E+13
6.341305670E+13
6.427571440E+13
6.488768220E+13
6.527194380E+13
6.548820270E+13
6.560510960E+13
6.567930550E+13
6.577003980E+13
6.592069610E+13
6.612889825E+13
6.635087115E+13
6.649951775E+13
6.647037200E+13
6.616798085E+13
6.553373535E+13
6.457036310E+13
6.330612560E+13
6.178723750E+13
6.002585725E+13
5.798910500E+13
5.561147065E+13
5.283194250E+13
4.964623209E+13
4.615414757E+13
4.256640707E+13
3.917098373E+13
3.627452479E+13
3.412619086E+13
3.287134746E+13
3.251174590E+13
3.292685958E+13
3.391025891E+13
3.522309142E+13
3.663417379E+13
3.795634738E+13
3.906580126E+13
3.988359016E+13
4.035304593E+13
4.042881131E+13
4.010644220E+13
3.943456622E+13
3.852777179E+13
3.759466013E+13
3.689272096E+13
3.665582568E+13
3.702908305E+13
3.802249233E+13
3.951733942E+13
4.131806300E+13
4.322926463E+13
4.510753646E+13
4.689838935E+13
4.861390520E+13
5.028036295E+13
5.187691165E+13
5.333229145E+13
5.449282240E+13
5.516409745E+13
5.522669940E+13
5.465006090E+13
5.352788290E+13
5.208194890E+13
5.060383450E+13
4.935366401E+13
4.855270403E+13
4.830593053E+13
4.857975951E+13
4.924483153E+13
5.011141655E+13
5.096399075E+13
5.161778830E+13
5.197481400E+13
5.201326330E+13
5.178532240E+13
5.137789120E+13
5.089653290E+13
5.044326820E+13
5.009548140E+13
4.989932569E+13
4.989980198E+13
5.009017295E+13
5.046544105E+13
5.097736520E+13
5.155131750E+13
5.211710555E+13
5.257749410E+13
5.284180800E+13
5.281320845E+13
5.241016160E+13
5.157435595E+13
5.029344215E+13
4.864402619E+13
4.676981598E+13
4.489628402E+13
4.324502869E+13
4.204153289E+13
4.140560482E+13
4.141243387E+13
4.199667770E+13
4.304668593E+13
4.439179322E+13
4.584496573E+13
4.721152102E+13
4.828244125E+13
4.888270232E+13
4.884008669E+13
4.803024649E+13
4.644844608E+13
4.422288673E+13
4.160872373E+13
3.896751163E+13
3.668026131E+13
3.510310599E+13
3.444811276E+13
3.477653597E+13
3.600743537E+13
3.794354913E+13
4.033111863E+13
4.293205515E+13
4.556179967E+13
4.810107069E+13
5.048577325E+13
5.266364300E+13
5.457113555E+13
5.611875625E+13
5.715432290E+13
5.754438860E+13
5.718049970E+13
5.606475510E+13
5.432103960E+13
5.218933575E+13
4.999207503E+13
4.808275976E+13
4.675483992E+13
4.619562563E+13
4.644752963E+13
4.738552696E+13
4.870996691E+13
5.004597010E+13
5.102695170E+13
5.137619580E+13
5.100328505E+13
4.999144628E+13
4.857274214E+13
4.703270704E+13
4.562622781E+13
4.452613017E+13
4.377901066E+13
4.333026157E+13
4.307485944E+13
4.290889625E+13
4.278803884E+13
4.274541489E+13
4.289132775E+13
4.337833962E+13
4.433762255E+13
4.582588188E+13
4.777187156E+13
4.998081882E+13
5.217743440E+13
5.406334010E+13
5.539504675E+13
5.603964600E+13
5.599235760E+13
5.537422500E+13
5.437593135E+13
5.323132065E+13
5.217414020E+13
5.137089115E+13
5.089744590E+13
5.072901680E+13
5.071317075E+13
5.061801045E+13
5.021638060E+13
4.936648853E+13
4.803917870E+13
4.634716937E+13
4.450127713E+13
4.274739009E+13
4.125750113E+13
4.006582879E+13
3.908138577E+13
3.811384213E+13
3.691842824E+13
3.532265720E+13
3.326701181E+13
3.086836582E+13
2.838219029E+13
2.615004765E+13
2.451107058E+13
2.373262594E+13
2.390508792E+13
2.497760612E+13
2.675664643E+13
2.898803921E+13
3.140372255E+13
3.378633076E+13
3.596584266E+13
3.784871650E+13
3.937178725E+13
4.051536931E+13
4.129519236E+13
4.174192620E+13
4.190764325E+13
4.185074114E+13
4.160046380E+13
4.116416744E+13
4.053431660E+13
3.969477227E+13
3.863238064E+13
3.736931577E+13
3.600071599E+13
3.465854315E+13
3.352548875E+13
3.277140483E+13
3.250227795E+13
3.269576084E+13
3.321197928E+13
3.380126452E+13
3.416548893E+13
3.405655831E+13
3.333118770E+13
3.200137599E+13
3.023945341E+13
2.832021444E+13
2.656220623E+13
2.527622697E+13
2.469617441E+13
2.493767859E+13
2.596820436E+13
2.772258186E+13
3.009274359E+13
3.289624639E+13
3.585911176E+13
3.875651743E+13
4.119003401E+13
4.273853519E+13
4.313561096E+13
4.237520450E+13
4.069690676E+13
3.860475244E+13
3.673622185E+13
3.564172774E+13
3.565197682E+13
3.679473560E+13
3.883602989E+13
4.137882562E+13
4.396386855E+13
4.616081721E+13
4.763082609E+13
4.816745806E+13
4.768648838E+13
4.622161975E+13
4.393428742E+13
4.108551825E+13
3.795087632E+13
3.479382540E+13
3.183983358E+13
2.923659776E+13
2.705698542E+13
2.535665095E+13
2.421687479E+13
2.369368004E+13
2.380487517E+13
2.454607359E+13
2.586569456E+13
2.767231493E+13
2.988823170E+13
3.246908130E+13
3.536457334E+13
3.852555922E+13
4.188020011E+13
4.527874709E+13
4.852000270E+13
5.136568585E+13
5.355177705E+13
5.484272560E+13
5.511000885E+13
5.433793575E+13
5.263558120E+13
5.022344575E+13
4.736258576E+13
4.432963450E+13
4.137196553E+13
3.870072788E+13
3.648419640E+13
3.479942965E+13
3.362026626E+13
3.282528499E+13
3.225322016E+13
3.176252277E+13
3.125731199E+13
3.073383190E+13
3.018299970E+13
2.960159859E+13
2.897014770E+13
2.833794688E+13
2.784134998E+13
2.777826271E+13
2.846816856E+13
3.016184085E+13
3.289995886E+13
3.648535619E+13
4.042093742E+13
4.415505143E+13
4.716926326E+13
4.916782570E+13
5.005095800E+13
5.004920650E+13
4.949462201E+13
4.875255297E+13
4.806600331E+13
4.755176186E+13
4.715924113E+13
4.674655407E+13
4.622289385E+13
4.556363055E+13
4.484267958E+13
4.417485011E+13
4.363161855E+13
4.322708545E+13
4.292519135E+13
4.274090088E+13
4.273166575E+13
4.299130918E+13
4.354939441E+13
4.430728223E+13
4.498136913E+13
4.516454035E+13
4.450707639E+13
4.288743219E+13
4.044060800E+13
3.755916978E+13
3.478059918E+13
3.267319651E+13
3.165134697E+13
3.189335136E+13
3.331520623E+13
3.556213522E+13
3.812606336E+13
4.048031201E+13
4.225066370E+13
4.325381650E+13
4.358280691E+13
4.342921832E+13
4.298925668E+13
4.240006906E+13
4.171025515E+13
4.091494451E+13
4.001645589E+13
3.902753229E+13
3.798431571E+13
3.690858771E+13
3.583592933E+13
3.483564719E+13
3.404361499E+13
3.366383503E+13
3.393413825E+13
3.499940489E+13
3.684233170E+13
3.926499911E+13
4.191780947E+13
4.439601953E+13
4.638753524E+13
4.776195402E+13
4.855671999E+13
4.890986736E+13
4.895614356E+13
4.873302387E+13
4.816689964E+13
4.713477238E+13
4.555706395E+13
4.348406259E+13
4.110960068E+13
3.873180868E+13
3.666458651E+13
3.511844703E+13
3.416237018E+13
3.374476370E+13
3.373634462E+13
3.400759907E+13
3.448206389E+13
3.514720071E+13
3.601773868E+13
3.709420774E+13
3.834696432E+13
3.969047523E+13
4.099384838E+13
4.212602466E+13
4.297557755E+13
4.347270588E+13
4.362293530E+13
4.348412463E+13
4.315737939E+13
4.275976043E+13
4.239750147E+13
4.214669362E+13
4.206904560E+13
4.220026548E+13
4.256395741E+13
4.317967121E+13
4.404296250E+13
4.511640552E+13
4.628886724E+13
4.739547346E+13
4.825267948E+13
4.869513936E+13
4.862832394E+13
4.808860789E+13
4.721931575E+13
4.621779020E+13
4.528580296E+13
4.456705419E+13
4.413608005E+13
4.398614562E+13
4.408400562E+13
4.440579497E+13
4.491805176E+13
4.559826487E+13
4.641589058E+13
4.732351021E+13
4.824022005E+13
4.906723406E+13
4.971214328E+13
5.008529675E+13
5.013138050E+13
4.988991965E+13
4.945067482E+13
4.896171946E+13
4.854708365E+13
4.825270351E+13
4.803276407E+13
4.774504741E+13
4.724135806E+13
4.643710453E+13
4.535258023E+13
4.410300385E+13
4.284598886E+13
4.168110716E+13
4.061665221E+13
3.956955699E+13
3.846159816E+13
3.722843177E+13
3.590063589E+13
3.456705767E+13
3.335283661E+13
3.236580166E+13
3.164084628E+13
3.116128802E+13
3.088037734E+13
3.071705494E+13
3.061740375E+13
3.055030639E+13
3.051178765E+13
3.051989587E+13
3.058391400E+13
3.071088514E+13
3.088454155E+13
3.106636571E+13
3.118545931E+13
3.112469208E+13
3.074026978E+13
2.988400271E+13
2.844043156E+13
2.638990135E+13
2.383534414E+13
2.100030591E+13
1.817529560E+13
1.570469293E+13
1.387241997E+13
1.286730685E+13
1.276749766E+13
1.352255865E+13
1.495891058E+13
1.684106057E+13
1.890807874E+13
2.092425465E+13
2.270291982E+13
2.414216935E+13
2.523606246E+13
2.604768303E+13
2.667878543E+13
2.725474792E+13
2.787614979E+13
2.858770584E+13
2.938635571E+13
3.021138342E+13
3.094408376E+13
3.144384334E+13
3.156638175E+13
3.121235027E+13
3.037666249E+13
2.915888627E+13
2.774538351E+13
2.637816134E+13
2.528695133E+13
2.461481908E+13
2.440405658E+13
2.460850295E+13
2.510621719E+13
2.573778408E+13
2.636775677E+13
2.688566048E+13
2.721629528E+13
2.733731117E+13
2.725857049E+13
2.701294157E+13
2.665837359E+13
2.623888458E+13
2.578705982E+13
2.531398257E+13
2.478685302E+13
2.414966784E+13
2.334869439E+13
2.234368065E+13
2.112846541E+13
1.974136081E+13
1.824543728E+13
1.670180733E+13
1.516460878E+13
1.367207381E+13
1.222600054E+13
1.081902381E+13
9.460313040E+12
8.151443720E+12
6.927182710E+12
5.835861560E+12
4.940551739E+12
4.305409002E+12
3.989674573E+12
4.025102871E+12
4.415065089E+12
5.125766155E+12
6.100194880E+12
7.267610185E+12
8.567082260E+12
9.947781265E+12
1.136736928E+13
1.279663749E+13
1.419375348E+13
1.551534399E+13
1.670011036E+13
1.770711331E+13
1.850991793E+13
1.911025999E+13
1.955148919E+13
1.992391202E+13
2.030389181E+13
2.074696578E+13
2.126052929E+13
2.182319776E+13
2.237899057E+13
2.289991897E+13
2.338557952E+13
2.384277547E+13
2.425831051E+13
2.457836280E+13
2.472760785E+13
2.461664679E+13
2.423289219E+13
2.362075502E+13
2.292403563E+13
2.232690166E+13
2.198568483E+13
2.198533604E+13
2.232293339E+13
2.290015179E+13
2.357609142E+13
2.422861252E+13
2.477480655E+13
2.518457883E+13
2.544860642E+13
2.557131013E+13
2.554854554E+13
2.536243878E+13
2.501408221E+13
2.451587124E+13
2.391897765E+13
2.330153926E+13
2.274663894E+13
2.232191068E+13
2.207943449E+13
2.202251571E+13
2.211746008E+13
2.229342620E+13
2.245294561E+13
2.252556776E+13
2.246072197E+13
2.227483561E+13
2.201178525E+13
2.174005412E+13
2.150263234E+13
2.130710791E+13
2.111899112E+13
2.088304235E+13
2.056079023E+13
2.014526887E+13
1.966371011E+13
1.916553331E+13
1.871379542E+13
1.835423894E+13
1.808776707E+13
1.787493791E+13
1.764585937E+13
1.731783200E+13
1.682953369E+13
1.617112318E+13
1.538392219E+13
1.455017542E+13
1.375999322E+13
1.308260955E+13
1.255768244E+13
1.217087012E+13
1.187087826E+13
1.159365295E+13
1.127814426E+13
1.088310578E+13
1.038692770E+13
9.796538945E+12
9.132243730E+12
8.435318865E+12
7.744460995E+12
7.090784380E+12
6.501869390E+12
6.003129175E+12
5.603877125E+12
5.302955955E+12
5.092461115E+12
4.954760369E+12
4.865932747E+12
4.805788636E+12
4.760270600E+12
4.721634513E+12
4.687855122E+12
4.658929855E+12
4.633513111E+12
4.608221859E+12
4.588347632E+12
4.585385177E+12
4.610142292E+12
4.671098456E+12
4.765031952E+12
4.868088370E+12
4.951656804E+12
4.994134701E+12
4.993407361E+12
4.972825366E+12
4.976737151E+12
5.051257105E+12
5.227698570E+12
5.513565755E+12
5.893484155E+12
6.343421710E+12
6.839362590E+12
7.365005975E+12
7.914364575E+12
8.484578690E+12
9.081831630E+12
9.698771845E+12
1.031491186E+13
1.090951507E+13
1.144833634E+13
1.188368616E+13
1.219404708E+13
1.236650140E+13
1.242177726E+13
1.238038854E+13
1.228293936E+13
1.217034788E+13
1.206377446E+13
1.197062556E+13
1.190415606E+13
1.186519468E+13
1.187270414E+13
1.195960837E+13
1.214749456E+13
1.246900013E+13
1.293376966E+13
1.351846283E+13
1.421961315E+13
1.499593957E+13
1.581146111E+13
1.664369522E+13
1.746084080E+13
1.822329038E+13
1.889588518E+13
1.943368024E+13
1.979465806E+13
1.996511951E+13
1.996501514E+13
1.983211912E+13
1.961242663E+13
1.933291936E+13
1.900382485E+13
1.862191941E+13
1.820026811E+13
1.778369746E+13
1.744093265E+13
1.725603259E+13
1.730289542E+13
1.758877700E+13
1.807031220E+13
1.865252271E+13
1.918901534E+13
1.955688074E+13
1.965032719E+13
1.942530023E+13
1.891310468E+13
1.823026570E+13
1.754473239E+13
1.703638989E+13
1.684016233E+13
1.700266832E+13
1.746518318E+13
1.806649668E+13
1.858893381E+13
1.881378376E+13
1.857851686E+13
1.780773069E+13
1.654431046E+13
1.495444050E+13
1.328444112E+13
1.180121400E+13
1.073205830E+13
1.021862921E+13
1.028263611E+13
1.082182678E+13
1.164949132E+13
1.254480309E+13
1.327465700E+13
1.364633597E+13
1.356227047E+13
1.301574656E+13
1.209030758E+13
1.096054001E+13
9.831779225E+12
8.892201485E+12
8.245929445E+12
7.923404085E+12
7.877338735E+12
8.013579025E+12
8.237139640E+12
8.484845690E+12
8.702894245E+12
8.847215320E+12
8.893929230E+12
8.822206290E+12
8.654327850E+12
8.445844435E+12
8.275741425E+12
8.209999890E+12
8.281286020E+12
8.481723970E+12
8.750839330E+12
9.032190805E+12
9.290592790E+12
9.518683115E+12
9.738893475E+12
9.985842580E+12
1.029563730E+13
1.067971878E+13
1.113804663E+13
1.166551541E+13
1.222502495E+13
1.279954631E+13
1.334815374E+13
1.388425285E+13
1.442394639E+13
1.501312436E+13
1.568437993E+13
1.645486177E+13
1.729046795E+13
1.814362575E+13
1.894637982E+13
1.959225281E+13
2.000093703E+13
2.007215522E+13
1.974210105E+13
1.903463103E+13
1.803009061E+13
1.690141557E+13
1.582884699E+13
1.495365766E+13
1.431944025E+13
1.390877249E+13
1.364473156E+13
1.344717877E+13
1.326696621E+13
1.308190133E+13
1.286591908E+13
1.258636686E+13
1.220995189E+13
1.169752545E+13
1.106737358E+13
1.040378654E+13
9.828515270E+12
9.501854325E+12
9.556676850E+12
1.004758385E+13
1.093793948E+13
1.207185459E+13
1.326422453E+13
1.431821816E+13
1.510729830E+13
1.563330750E+13
1.598558235E+13
1.630575301E+13
1.671690969E+13
1.725350605E+13
1.785431683E+13
1.840426257E+13
1.878662992E+13
1.893523474E+13
1.886352955E+13
1.864777247E+13
1.837647369E+13
1.812266830E+13
1.793090192E+13
1.780423059E+13
1.774629803E+13
1.778285225E+13
1.793875810E+13
1.823788761E+13
1.869069551E+13
1.926170196E+13
1.987186200E+13
2.042080763E+13
2.081387724E+13
2.098723417E+13
2.094549117E+13
2.076365526E+13
2.054105819E+13
2.037350946E+13
2.029935611E+13
2.027868924E+13
2.022574665E+13
2.002514647E+13
1.959545898E+13
1.892847099E+13
1.808955057E+13
1.719176664E+13
1.635245894E+13
1.567234828E+13
1.520519460E+13
1.498890788E+13
1.503374774E+13
1.531073071E+13
1.575421327E+13
1.626342893E+13
1.671546056E+13
1.700111710E+13
1.705357081E+13
1.687564828E+13
1.652673290E+13
1.610321470E+13
1.572164891E+13
1.548394636E+13
1.545541656E+13
1.565375887E+13
1.604995620E+13
1.657709428E+13
1.713322939E+13
1.762458470E+13
1.796365170E+13
1.811166990E+13
1.808267310E+13
1.792608264E+13
1.772877352E+13
1.757244359E+13
1.749279882E+13
1.749895129E+13
1.754587658E+13
1.756131237E+13
1.747702704E+13
1.725460131E+13
1.690767940E+13
1.649947256E+13
1.612262814E+13
1.587692324E+13
1.586804094E+13
1.614425841E+13
1.670677817E+13
1.749322300E+13
1.839459512E+13
1.924114438E+13
1.987651370E+13
2.016550011E+13
2.003872247E+13
1.952407722E+13
1.874021976E+13
1.789047797E+13
1.716073965E+13
1.669506863E+13
1.653277467E+13
1.660943364E+13
1.679543444E+13
1.699169495E+13
1.711273185E+13
1.717327038E+13
1.719294769E+13
1.720360189E+13
1.721370761E+13
1.720584552E+13
1.716636428E+13
1.708809225E+13
1.697613901E+13
1.682555413E+13
1.664689740E+13
1.646448719E+13
1.630441508E+13
1.622029311E+13
1.625986217E+13
1.645251945E+13
1.679760721E+13
1.725691196E+13
1.776913752E+13
1.826396635E+13
1.867994765E+13
1.900378988E+13
1.924548451E+13
1.944264734E+13
1.963600714E+13
1.985502330E+13
2.010204533E+13
2.033784966E+13
2.051503125E+13
2.056534630E+13
2.043332624E+13
2.008687958E+13
1.953950373E+13
1.882811073E+13
1.801729997E+13
1.718086470E+13
1.637783488E+13
1.564789600E+13
1.500337090E+13
1.445212942E+13
1.400319669E+13
1.368220377E+13
1.352421384E+13
1.356155931E+13
1.381556067E+13
1.428825081E+13
1.495884892E+13
1.579135913E+13
1.674339224E+13
1.777290542E+13
1.882115047E+13
1.980066967E+13
2.061120405E+13
2.114615555E+13
2.131409538E+13
2.109527502E+13
2.056121829E+13
1.985389911E+13
1.915731493E+13
1.862840621E+13
1.834537677E+13
1.827543121E+13
1.828653470E+13
1.822358961E+13
1.794651355E+13
1.737797214E+13
1.653596971E+13
1.550782144E+13
1.440531567E+13
1.331422893E+13
1.227338499E+13
1.128115051E+13
1.030525038E+13
9.317344230E+12
8.311374525E+12
7.324164530E+12
6.423176635E+12
5.680653355E+12
5.153134380E+12
4.864857062E+12
4.795308567E+12
4.889681244E+12
5.079930030E+12
5.307407395E+12
5.533202925E+12
5.745715375E+12
5.959924670E+12
6.201931535E+12
6.492503405E+12
6.842549120E+12
7.236772020E+12
7.643060815E+12
8.010006010E+12
8.287813970E+12
8.440919400E+12
8.461255840E+12
8.381615110E+12
8.241125640E+12
8.083253625E+12
7.931475220E+12
7.779753625E+12
7.626467425E+12
7.441149685E+12
7.231064360E+12
7.028279370E+12
6.864745700E+12
6.765969920E+12
6.738598165E+12
6.724233385E+12
6.664842830E+12
6.489421595E+12
6.176278425E+12
5.752590035E+12
5.288143100E+12
4.868733105E+12
4.572788141E+12
4.446931578E+12
4.497635710E+12
4.696135247E+12
4.986450414E+12
5.294150775E+12
5.542610360E+12
5.671083445E+12
5.654564225E+12
5.506594895E+12
5.282605090E+12
5.064595295E+12
4.938092552E+12
4.964076634E+12
5.170711185E+12
5.541702890E+12
6.024807060E+12
6.542976220E+12
7.006535520E+12
7.338638130E+12
7.483407745E+12
7.399683975E+12
7.087738785E+12
6.580812220E+12
5.945338390E+12
5.267786790E+12
4.655457706E+12
4.206927959E+12
3.997035799E+12
4.054036110E+12
4.362181671E+12
4.857896079E+12
5.443045035E+12
6.011188530E+12
6.475851245E+12
6.784890860E+12
6.933868930E+12
6.976019330E+12
6.995347425E+12
7.073155675E+12
7.274353120E+12
7.633857670E+12
8.141561025E+12
8.744206825E+12
9.368439740E+12
9.924299915E+12
1.031036048E+13
1.044532766E+13
1.028566193E+13
9.828768890E+12
9.125520730E+12
8.286423350E+12
7.438696170E+12
6.704129915E+12
6.190473560E+12
5.960831480E+12
6.031906235E+12
6.374750785E+12
6.938595160E+12
7.661165270E+12
8.469812795E+12
9.289860785E+12
1.004654547E+13
1.067185364E+13
1.109711004E+13
1.126786734E+13
1.115620637E+13
1.077711199E+13
1.017100807E+13
9.420103905E+12
8.606545735E+12
7.814377110E+12
7.130023950E+12
6.629533010E+12
6.370678650E+12
6.388785330E+12
6.674162215E+12
7.170529580E+12
7.776984840E+12
8.378241550E+12
8.877832570E+12
9.210586155E+12
9.376956320E+12
9.406048275E+12
9.344444035E+12
9.243044960E+12
9.123737585E+12
8.991778185E+12
8.845196080E+12
8.676081185E+12
8.499810725E+12
8.311738335E+12
8.116633975E+12
7.906103620E+12
7.655022650E+12
7.339467590E+12
6.949050190E+12
6.498616725E+12
6.030857095E+12
5.597501020E+12
5.263322260E+12
5.070658650E+12
5.039065570E+12
5.154074150E+12
5.375229710E+12
5.644159115E+12
5.902175390E+12
6.095975455E+12
6.198160675E+12
6.199291825E+12
6.115965980E+12
5.979211140E+12
5.830667265E+12
5.705683600E+12
5.629787010E+12
5.607966470E+12
5.630538025E+12
5.675875950E+12
5.719737425E+12
5.739998830E+12
5.721510890E+12
5.652690305E+12
5.525607680E+12
5.335512275E+12
5.083436835E+12
4.781383146E+12
4.453101339E+12
4.133558787E+12
3.858551290E+12
3.656511330E+12
3.538147753E+12
3.496364966E+12
3.513149425E+12
3.566084936E+12
3.636877250E+12
3.715793107E+12
3.799094044E+12
3.880585464E+12
3.952792374E+12
4.003735412E+12
4.023288766E+12
4.005831077E+12
3.955270528E+12
3.883377255E+12
3.805966307E+12
3.736921406E+12
3.682922721E+12
3.643233289E+12
3.612337411E+12
3.581815422E+12
3.545839139E+12
3.503744615E+12
3.459417011E+12
3.418819604E+12
3.388892112E+12
3.375999681E+12
3.383948247E+12
3.412768032E+12
3.458527346E+12
3.513271137E+12
3.566405537E+12
3.606115728E+12
3.619687448E+12
3.595375250E+12
3.523899911E+12
3.401176084E+12
3.232294592E+12
3.032778501E+12
2.827427328E+12
2.645629670E+12
2.513513108E+12
2.446515660E+12
2.443582978E+12
2.487138331E+12
2.549378190E+12
2.600845083E+12
2.621499936E+12
2.605269993E+12
2.561479175E+12
2.512613826E+12
2.483457942E+12
2.490975757E+12
2.540248915E+12
2.621857561E+12
2.715549473E+12
2.795727293E+12
2.841352949E+12
2.840970106E+12
2.795711935E+12
2.716260322E+12
2.619320451E+12
2.522142745E+12
2.437380037E+12
2.373718679E+12
2.335233714E+12
2.323681577E+12
2.342871364E+12
2.396477778E+12
2.485593897E+12
2.609802252E+12
2.763196341E+12
2.935399056E+12
3.116363953E+12
3.295644820E+12
3.466816026E+12
3.625499175E+12
3.765975460E+12
3.876170173E+12
3.940613738E+12
3.943312602E+12
3.875449086E+12
3.747170640E+12
3.588415802E+12
3.444190638E+12
3.361577543E+12
3.370802844E+12
3.475244917E+12
3.649212755E+12
3.843559943E+12
4.005578881E+12
4.099028503E+12
4.115584101E+12
4.076339768E+12
4.019198422E+12
3.989987260E+12
4.016706907E+12
4.104990718E+12
4.236262527E+12
4.379304214E+12
4.502861288E+12
4.585414661E+12
4.623655150E+12
4.626929417E+12
4.611174666E+12
4.589083360E+12
4.565311709E+12
4.533892808E+12
4.479554754E+12
4.384769625E+12
4.236515386E+12
4.029277602E+12
3.767947133E+12
3.466794089E+12
3.150636534E+12
2.844368392E+12
2.572869517E+12
2.358250256E+12
2.213768522E+12
2.144740793E+12
2.148306091E+12
2.215891518E+12
2.332747018E+12
2.481058640E+12
2.639895871E+12
2.785158674E+12
2.893609348E+12
2.946134619E+12
2.934726628E+12
2.867312555E+12
2.768692681E+12
2.674508720E+12
2.620299255E+12
2.631119473E+12
2.710080199E+12
2.837578775E+12
2.981392973E+12
3.108852746E+12
3.199130631E+12
3.251830050E+12
3.284152359E+12
3.320902480E+12
3.383075039E+12
3.478282509E+12
3.598614145E+12
3.726266235E+12
3.841252731E+12
3.925117342E+12
3.964287033E+12
3.954813522E+12
3.900612832E+12
3.812990750E+12
3.711202062E+12
3.618170626E+12
3.553458230E+12
3.526145883E+12
3.534250050E+12
3.565424391E+12
3.602112111E+12
3.629721754E+12
3.641104749E+12
3.635027244E+12
3.613710189E+12
3.581101616E+12
3.538969836E+12
3.488563483E+12
3.431473604E+12
3.367906193E+12
3.298272416E+12
3.222003007E+12
3.137662556E+12
3.045912697E+12
2.951948112E+12
2.866169247E+12
2.802112731E+12
2.771477005E+12
2.781298780E+12
2.830698502E+12
2.910863503E+12
3.007784189E+12
3.107126968E+12
3.195291808E+12
3.260601968E+12
3.296619454E+12
3.303522847E+12
3.285457165E+12
3.249446563E+12
3.204337848E+12
3.157081688E+12
3.109401177E+12
3.062498677E+12
3.017575580E+12
2.976159327E+12
2.942692468E+12
2.923503672E+12
2.922039605E+12
2.939784699E+12
2.974288261E+12
3.022277058E+12
3.076080568E+12
3.130918584E+12
3.182758295E+12
3.233444950E+12
3.287210061E+12
3.351842232E+12
3.433519423E+12
3.532099303E+12
3.645164559E+12
3.765560472E+12
3.886097656E+12
4.006002929E+12
4.126409874E+12
4.247943185E+12
4.366104497E+12
4.468821650E+12
4.537438631E+12
4.554492647E+12
4.513563229E+12
4.423312325E+12
4.306724093E+12
4.194640375E+12
4.112970679E+12
4.071793659E+12
4.062488171E+12
4.062567902E+12
4.048558719E+12
4.004619584E+12
3.934553281E+12
3.856772156E+12
3.795499945E+12
3.769620311E+12
3.788920530E+12
3.848650293E+12
3.935879430E+12
4.038548695E+12
4.147559717E+12
4.253692092E+12
4.350463701E+12
4.430806964E+12
4.489537212E+12
4.526684300E+12
4.552712686E+12
4.581088394E+12
4.623284364E+12
4.680084218E+12
4.739891105E+12
4.780699633E+12
4.780393982E+12
4.727043930E+12
4.626844846E+12
4.504260076E+12
4.392322744E+12
4.324039403E+12
4.319266960E+12
4.378636569E+12
4.483883575E+12
4.603656657E+12
4.704593389E+12
4.760460211E+12
4.758766152E+12
4.701305768E+12
4.601288725E+12
4.475908103E+12
4.339702244E+12
4.201672994E+12
4.064862196E+12
3.926850681E+12
3.782217211E+12
3.626292209E+12
3.455064003E+12
3.268220790E+12
3.070388248E+12
2.870481190E+12
2.679138553E+12
2.506990540E+12
2.365344416E+12
2.264798558E+12
2.212350540E+12
2.211962176E+12
2.260463721E+12
2.344363273E+12
2.440240372E+12
2.518576425E+12
2.554043880E+12
2.532307819E+12
2.454349952E+12
2.337411294E+12
2.210033231E+12
2.102064113E+12
2.038873815E+12
2.036316360E+12
2.098705888E+12
2.219269085E+12
2.380685233E+12
2.558042441E+12
2.724166204E+12
2.854468251E+12
2.929539524E+12
2.942327936E+12
2.898402357E+12
2.814026632E+12
2.710199716E+12
2.605896882E+12
2.512698832E+12
2.432210504E+12
2.356860049E+12
2.280544824E+12
2.206005888E+12
2.146075816E+12
2.124984750E+12
2.168140938E+12
2.287421089E+12
2.478819421E+12
2.719501649E+12
2.975305052E+12
3.208320748E+12
3.387686771E+12
3.492423436E+12
3.510178741E+12
3.440409400E+12
3.298015366E+12
3.110530123E+12
2.918798730E+12
2.764915296E+12
2.681867701E+12
2.679835115E+12
2.741914278E+12
2.828965262E+12
2.891906696E+12
2.891925929E+12
2.808250704E+12
2.645541951E+12
2.427137977E+12
2.188570394E+12
1.966617296E+12
1.790389083E+12
1.680804626E+12
1.646188397E+12
1.686005127E+12
1.792607341E+12
1.953834367E+12
2.158739843E+12
2.396337901E+12
2.652743337E+12
2.910619831E+12
3.145994753E+12
3.330567501E+12
3.437493932E+12
3.451186088E+12
3.375115273E+12
3.235215276E+12
3.077484637E+12
2.953515500E+12
2.905938059E+12
2.956119570E+12
3.096628860E+12
3.291514684E+12
3.490149475E+12
3.642971353E+12
3.714211290E+12
3.692345460E+12
3.588279546E+12
3.427349347E+12
3.240612144E+12
3.056437748E+12
2.893936339E+12
2.765180886E+12
2.677875421E+12
2.635123704E+12
2.637400840E+12
2.683066021E+12
2.765072758E+12
2.869233681E+12
2.973876526E+12
3.053235640E+12
3.083362096E+12
3.049283191E+12
2.952934777E+12
2.814065155E+12
2.667324582E+12
2.554911968E+12
2.514495938E+12
2.568279278E+12
2.716121605E+12
2.935562814E+12
3.185739968E+12
3.418857112E+12
3.594462022E+12
3.689623780E+12
3.705791355E+12
3.668411546E+12
3.613235843E+12
3.574359436E+12
3.570866129E+12
3.601425848E+12
3.645685641E+12
3.674833945E+12
3.663510362E+12
3.597392766E+12
3.473920905E+12
3.301109032E+12
3.092188944E+12
2.863292767E+12
2.631432996E+12
2.415158143E+12
2.229151177E+12
2.083331353E+12
1.978368813E+12
1.905990479E+12
1.853668883E+12
1.812752154E+12
1.781573741E+12
1.770372593E+12
1.796542393E+12
1.873720375E+12
2.003555288E+12
2.171939689E+12
2.348037220E+12
2.495069011E+12
2.581512708E+12
2.591184838E+12
2.528067340E+12
2.417945105E+12
2.298258863E+12
2.208289469E+12
2.182979589E+12
2.239119608E+12
2.375540038E+12
2.565429716E+12
2.769143163E+12
2.941611970E+12
3.045782754E+12
3.059104832E+12
2.987687809E+12
2.855694955E+12
2.702543876E+12
2.568225825E+12
2.489349212E+12
2.483584818E+12
2.555939507E+12
2.688647702E+12
2.851539172E+12
3.004729076E+12
3.110366558E+12
3.143906575E+12
3.100637913E+12
3.002842676E+12
2.891842763E+12
2.820975626E+12
2.835969308E+12
2.963517914E+12
3.195895542E+12
3.491116596E+12
3.780993713E+12
3.989974727E+12
4.060002493E+12
3.968376743E+12
3.738458849E+12
3.430703240E+12
3.122564978E+12
2.885402313E+12
2.761917232E+12
2.759287079E+12
2.853315609E+12
3.002118480E+12
3.163545512E+12
3.306498727E+12
3.415010861E+12
3.483710641E+12
3.509787560E+12
3.486955275E+12
3.407688996E+12
3.265784281E+12
3.065998941E+12
2.828076908E+12
2.583096168E+12
2.365253586E+12
2.205704711E+12
2.123156612E+12
2.123329867E+12
2.202850141E+12
2.352900988E+12
2.562283050E+12
2.819082515E+12
3.109512415E+12
3.416745343E+12
3.719346769E+12
3.990934998E+12
4.202991783E+12
4.329056364E+12
4.349713469E+12
4.260630255E+12
4.076809455E+12
3.829530612E+12
3.559860924E+12
3.307903558E+12
3.101421903E+12
2.948730223E+12
2.839643090E+12
2.754261426E+12
2.672416976E+12
2.580612862E+12
2.477768363E+12
2.373495871E+12
2.287005463E+12
2.240538661E+12
2.253485153E+12
2.337012514E+12
2.486876000E+12
2.683234462E+12
2.891646126E+12
3.075280761E+12
3.205025499E+12
3.267815540E+12
3.267529463E+12
3.219852858E+12
3.144807099E+12
3.058256462E+12
2.972570669E+12
2.893629184E+12
2.828030635E+12
2.781563839E+12
2.757512150E+12
2.753828051E+12
2.764566387E+12
2.782951448E+12
2.805483139E+12
2.834683725E+12
2.880423922E+12
2.953532933E+12
3.057708746E+12
3.183995203E+12
3.315262807E+12
3.429149991E+12
3.513349629E+12
3.566041038E+12
3.594656847E+12
3.607682964E+12
3.607088809E+12
3.583286449E+12
3.525453418E+12
3.429531851E+12
3.300944741E+12
3.156511088E+12
3.015147683E+12
2.890741290E+12
2.784477802E+12
2.689568643E+12
2.598109831E+12
2.505069721E+12
2.412582480E+12
2.326145681E+12
2.251866414E+12
2.192656766E+12
2.148115076E+12
2.112956819E+12
2.082128484E+12
2.050104525E+12
2.013865856E+12
1.972648642E+12
1.927894304E+12
1.884234013E+12
1.846182031E+12
1.818664311E+12
1.804762728E+12
1.804881314E+12
1.817139471E+12
1.837457020E+12
1.861844756E+12
1.888677105E+12
1.918632214E+12
1.954586930E+12
2.003363229E+12
2.071852695E+12
2.163279886E+12
2.274784125E+12
2.397333380E+12
2.515863391E+12
2.614570619E+12
2.683581749E+12
2.722300388E+12
2.742745576E+12
2.762139609E+12
2.796285005E+12
2.851458366E+12
2.921694629E+12
2.991173554E+12
3.042541143E+12
3.065987820E+12
3.061416552E+12
3.037692831E+12
3.009026256E+12
2.987527757E+12
2.979495267E+12
2.987807654E+12
3.011457191E+12
3.046176740E+12
3.086373178E+12
3.125365139E+12
3.157185879E+12
3.178649728E+12
3.193623700E+12
3.214065958E+12
3.255968999E+12
3.332818044E+12
3.448021135E+12
3.591093397E+12
3.739690907E+12
3.864038355E+12
3.935387948E+12
3.936489090E+12
3.865236548E+12
3.733289749E+12
3.563338305E+12
3.384186987E+12
3.222437023E+12
3.100124818E+12
3.030053514E+12
3.015770451E+12
3.054491035E+12
3.137060081E+12
3.248969852E+12
3.373180857E+12
3.491386131E+12
3.589061629E+12
3.660561558E+12
3.713310818E+12
3.763513971E+12
3.833183257E+12
3.936932870E+12
4.076156090E+12
4.238032224E+12
4.399845544E+12
4.535818822E+12
4.624535682E+12
4.648695427E+12
4.594840904E+12
4.456590354E+12
4.239471412E+12
3.963491136E+12
3.664216963E+12
3.386562038E+12
3.167308048E+12
3.022996980E+12
2.946186949E+12
2.910066734E+12
2.885296959E+12
2.853506002E+12
2.812332201E+12
2.772754805E+12
2.751031643E+12
2.755637909E+12
2.784924107E+12
2.829423529E+12
2.876833004E+12
2.919781925E+12
2.957348633E+12
2.993903421E+12
3.034292553E+12
3.079032112E+12
3.120438505E+12
3.145310537E+12
3.134618069E+12
3.072599213E+12
2.950486098E+12
2.769701997E+12
2.546627157E+12
2.309056544E+12
2.094515676E+12
1.937933089E+12
1.866430579E+12
1.887030922E+12
1.988257521E+12
2.137425030E+12
2.294453430E+12
2.417230409E+12
2.475378235E+12
2.451503108E+12
2.348558899E+12
2.187287961E+12
2.000580557E+12
1.828513059E+12
1.705539123E+12
1.653632401E+12
1.675680759E+12
1.758500985E+12
1.882847758E+12
2.030787331E+12
2.192897609E+12
2.367478989E+12
2.557361850E+12
2.762311949E+12
2.975160001E+12
3.182032246E+12
3.365346797E+12
3.504862979E+12
3.582569501E+12
3.584007055E+12
3.504156629E+12
3.351739533E+12
3.152031720E+12
2.944755574E+12
2.774109283E+12
2.675722350E+12
2.664449488E+12
2.728059664E+12
2.830947498E+12
2.927552970E+12
2.978018653E+12
2.961731705E+12
2.884154346E+12
2.773702610E+12
2.671360198E+12
2.615951483E+12
2.629791333E+12
2.709988415E+12
2.829018010E+12
2.945723806E+12
3.019013981E+12
3.025232410E+12
2.964591821E+12
2.856648774E+12
2.730778052E+12
2.611970436E+12
2.512868880E+12
2.431340013E+12
2.359491013E+12
2.292000223E+12
2.232576958E+12
2.192670382E+12
2.185802223E+12
2.219323113E+12
2.290498077E+12
2.389039619E+12
2.502244580E+12
2.619861503E+12
2.739581843E+12
2.862833715E+12
2.987969649E+12
3.105034391E+12
3.198058090E+12
3.250117471E+12
3.246185753E+12
3.177994827E+12
3.047302670E+12
2.863649945E+12
2.642908569E+12
2.407480453E+12
2.181497975E+12
1.988088309E+12
1.842234767E+12
1.745290524E+12
1.690037495E+12
1.664533704E+12
1.661414215E+12
1.677625773E+12
1.716184562E+12
1.778272596E+12
1.858305693E+12
1.941894825E+12
2.010952810E+12
2.048459857E+12
2.046788110E+12
2.006842116E+12
1.938477353E+12
1.854268661E+12
1.764181853E+12
1.675920841E+12
1.592744262E+12
1.519525754E+12
1.463824663E+12
1.437811347E+12
1.452549028E+12
1.513829790E+12
1.618739481E+12
1.754133892E+12
1.899777756E+12
2.036581731E+12
2.151733398E+12
2.237697803E+12
2.293216230E+12
2.315225792E+12
2.298568586E+12
2.237483569E+12
2.131098392E+12
1.985729385E+12
1.819359304E+12
1.658664506E+12
1.533011803E+12
1.463557174E+12
1.462476513E+12
1.528462566E+12
1.649249359E+12
1.805253406E+12
1.977195542E+12
2.143879111E+12
2.286277427E+12
2.389373775E+12
2.442345559E+12
2.442745041E+12
2.398355494E+12
2.327805419E+12
2.254609282E+12
2.201799085E+12
2.182933860E+12
2.199171680E+12
2.236459301E+12
2.273706489E+12
2.291817565E+12
2.279955611E+12
2.240116905E+12
2.187641234E+12
2.143406993E+12
2.127549659E+12
2.154297642E+12
2.225623441E+12
2.333300026E+12
2.460641058E+12
2.588341358E+12
2.698153607E+12
2.774789846E+12
2.806509817E+12
2.784702047E+12
2.704182952E+12
2.568176154E+12
2.393311548E+12
2.207280676E+12
2.043502569E+12
1.930078481E+12
1.877456378E+12
1.873751253E+12
1.890352538E+12
1.897653064E+12
1.877432772E+12
1.828230471E+12
1.764349631E+12
1.705704222E+12
1.666911270E+12
1.651757786E+12
1.653544586E+12
1.660692105E+12
1.664399433E+12
1.661893850E+12
1.657644991E+12
1.661332704E+12
1.682719190E+12
1.727299768E+12
1.792859935E+12
1.868323691E+12
1.937321597E+12
1.980928752E+12
1.981920572E+12
1.929938690E+12
1.824166554E+12
1.675702911E+12
1.506165160E+12
1.345200612E+12
1.224629601E+12
1.171840379E+12
1.201305552E+12
1.313314999E+12
1.494891097E+12
1.720900065E+12
1.958587927E+12
2.176416134E+12
2.348843915E+12
2.459423087E+12
2.508129299E+12
2.507930662E+12
2.478669114E+12
2.436485827E+12
2.387595851E+12
2.327842557E+12
2.247070906E+12
2.141450633E+12
2.018783383E+12
1.900205188E+12
1.810003475E+12
1.765490351E+12
1.767915720E+12
1.800910708E+12
1.836034327E+12
1.845733751E+12
1.811051107E+12
1.731415804E+12
1.622076633E+12
1.510942784E+12
1.424879436E+12
1.388266154E+12
1.407927795E+12
1.479696940E+12
1.585092428E+12
1.700959727E+12
1.802074758E+12
1.867653886E+12
1.884484173E+12
1.852875781E+12
1.784029699E+12
1.698901391E+12
1.621026788E+12
1.567061209E+12
1.540891901E+12
1.531764873E+12
1.523231478E+12
1.500561851E+12
1.461815120E+12
1.413601107E+12
1.371470366E+12
1.345492374E+12
1.339282712E+12
1.345714336E+12
1.353868911E+12
1.353271916E+12
1.338950339E+12
1.311341516E+12
1.277556261E+12
1.243964217E+12
1.216206707E+12
1.196088422E+12
1.180332429E+12
1.163575786E+12
1.140552082E+12
1.108693193E+12
1.070064711E+12
1.030029850E+12
9.957827715E+11
9.722321985E+11
9.605667245E+11
9.587615115E+11
9.617529035E+11
9.634021020E+11
9.591860760E+11
9.464836255E+11
9.251328150E+11
8.964693335E+11
8.638499285E+11
8.309767025E+11
8.006185505E+11
7.750360290E+11
7.556974095E+11
7.430586305E+11
7.362892920E+11
7.343968160E+11
7.363362605E+11
7.408373555E+11
7.463662300E+11
7.516404865E+11
7.561510850E+11
7.596320640E+11
7.623221010E+11
7.644973220E+11
7.663867415E+11
7.682751735E+11
7.695045305E+11
7.691943395E+11
7.667154460E+11
7.615722680E+11
7.543810940E+11
7.453395795E+11
7.351483730E+11
7.248235885E+11
7.148334490E+11
7.050256865E+11
6.960805170E+11
6.883378540E+11
6.811104275E+11
6.743978700E+11
6.683544195E+11
6.631862775E+11
6.588224360E+11
6.555712510E+11
6.524577310E+11
6.497247995E+11
6.467391335E+11
6.429785815E+11
6.391019635E+11
6.348300690E+11
6.304515360E+11
6.253569555E+11
6.188344955E+11
6.113904030E+11
6.035304395E+11
5.960169835E+11
5.907880760E+11
5.891266160E+11
5.909580545E+11
5.954383380E+11
5.996650310E+11
6.018544360E+11
6.019005945E+11
5.990919600E+11
5.953123435E+11
5.911462825E+11
5.880340110E+11
5.864164260E+11
5.858681945E+11
5.873732620E+11
5.914160115E+11
5.979563725E+11
6.055002075E+11
6.135330040E+11
6.200376205E+11
6.234745520E+11
6.233618990E+11
6.202027935E+11
6.149984095E+11
6.092464860E+11
6.029907990E+11
5.971973895E+11
5.919129365E+11
5.890312780E+11
5.882119395E+11
5.894163650E+11
5.917238065E+11
5.941312780E+11
5.951863870E+11
5.942790600E+11
5.917922350E+11
5.891006615E+11
5.877059475E+11
5.878264795E+11
5.881932445E+11
5.877237185E+11
5.841782810E+11
5.758773690E+11
5.637503050E+11
5.488992060E+11
5.350899385E+11
5.244740430E+11
5.189327930E+11
5.193155660E+11
5.234810015E+11
5.295488515E+11
5.341843770E+11
5.352133285E+11
5.311427015E+11
5.222491275E+11
5.106497085E+11
4.991436503E+11
4.907895846E+11
4.880180560E+11
4.914936142E+11
5.000529320E+11
5.112110885E+11
5.215419855E+11
5.282224030E+11
5.297684025E+11
5.264029555E+11
5.188248035E+11
5.086225460E+11
4.965105101E+11
4.823853081E+11
4.663412490E+11
4.488986330E+11
4.317118835E+11
4.174366870E+11
4.088107399E+11
4.074047809E+11
4.128182698E+11
4.227380914E+11
4.337209684E+11
4.426739781E+11
4.480890709E+11
4.503271958E+11
4.510664889E+11
4.522093519E+11
4.550035317E+11
4.597364109E+11
4.657223215E+11
4.715730610E+11
4.759753616E+11
4.780392058E+11
4.771772635E+11
4.733799063E+11
4.673916355E+11
4.603708077E+11
4.536358812E+11
4.484342714E+11
4.454417053E+11
4.445155995E+11
4.448501071E+11
4.450639950E+11
4.439370044E+11
4.408996810E+11
4.362289427E+11
4.308095502E+11
4.258713149E+11
4.222636419E+11
4.199912881E+11
4.185763384E+11
4.174716357E+11
4.163254881E+11
4.150918519E+11
4.142155277E+11
4.137179500E+11
4.134309757E+11
4.128798149E+11
4.117030867E+11
4.097785519E+11
4.074289188E+11
4.051192572E+11
4.030714727E+11
4.009855325E+11
3.985131136E+11
3.952999712E+11
3.913849750E+11
3.872248448E+11
3.834396609E+11
3.804003966E+11
3.781355649E+11
3.762978898E+11
3.744530689E+11
3.723681078E+11
3.702898832E+11
3.686109467E+11
3.679720710E+11
3.686723973E+11
3.707525872E+11
3.736762544E+11
3.768573473E+11
3.793275634E+11
3.802531836E+11
3.789463945E+11
3.750972195E+11
3.689205816E+11
3.609806666E+11
3.521792754E+11
3.435769369E+11
3.358038260E+11
3.292253204E+11
3.240516503E+11
3.203052685E+11
3.179427449E+11
3.170820422E+11
3.179923968E+11
3.207182334E+11
3.249336526E+11
3.301282444E+11
3.356476076E+11
3.408111956E+11
3.451330089E+11
3.485981403E+11
3.513422212E+11
3.533617021E+11
3.544606602E+11
3.542510397E+11
3.523333384E+11
3.487485814E+11
3.439383288E+11
3.387841902E+11
3.341325556E+11
3.306227751E+11
3.284342635E+11
3.274341597E+11
3.273303604E+11
3.277833999E+11
3.285806834E+11
3.295768278E+11
3.306573399E+11
3.317860551E+11
3.329629368E+11
3.341879482E+11
3.354031139E+11
3.365974158E+11
3.378191589E+11
3.392548028E+11
3.412209767E+11
3.440015415E+11
3.476528909E+11
3.520261648E+11
3.566736445E+11
3.608702759E+11
3.639926026E+11
3.655837356E+11
3.653533122E+11
3.632279163E+11
3.592773366E+11
3.535356223E+11
3.461050394E+11
3.373021558E+11
3.275637719E+11
3.175774462E+11
3.082334024E+11
3.004702034E+11
2.949783252E+11
2.921253094E+11
2.918100245E+11
2.934789916E+11
2.962012146E+11
2.989990834E+11
3.010148791E+11
3.018519301E+11
3.016051162E+11
3.006740973E+11
2.994758272E+11
2.983648953E+11
2.975444902E+11
2.969192611E+11
2.961670735E+11
2.950262720E+11
2.932443184E+11
2.904859291E+11
2.868181680E+11
2.827599222E+11
2.791452598E+11
2.769223494E+11
2.770632545E+11
2.799236681E+11
2.852525067E+11
2.922228043E+11
2.994729813E+11
3.055685953E+11
3.093957288E+11
3.103681619E+11
3.085108261E+11
3.046883550E+11
3.001574429E+11
2.962757780E+11
2.941187297E+11
2.940729812E+11
2.960276044E+11
2.990923084E+11
3.019449075E+11
3.034461252E+11
3.025317100E+11
2.988334697E+11
2.923217534E+11
2.836659374E+11
2.736740464E+11
2.628202293E+11
2.513464910E+11
2.391604714E+11
2.260261050E+11
2.120343793E+11
1.977906709E+11
1.843249258E+11
1.729525260E+11
1.647740397E+11
1.601635902E+11
1.587436768E+11
1.595609873E+11
1.613164147E+11
1.628121261E+11
1.635434009E+11
1.637143529E+11
1.639414345E+11
1.652975825E+11
1.687134787E+11
1.747237850E+11
1.830433828E+11
1.929699105E+11
2.033184645E+11
2.128137151E+11
2.203717885E+11
2.255949076E+11
2.285462049E+11
2.297361798E+11
2.298881537E+11
2.297214657E+11
2.296600741E+11
2.300687580E+11
2.310131096E+11
2.324797301E+11
2.345018977E+11
2.369267662E+11
2.393874382E+11
2.414604132E+11
2.426267783E+11
2.424804818E+11
2.407866809E+11
2.377876942E+11
2.340451123E+11
2.303191923E+11
2.273379082E+11
2.256423553E+11
2.253875252E+11
2.261605362E+11
2.272208246E+11
2.277707507E+11
2.272276834E+11
2.253285852E+11
2.222707695E+11
2.186001709E+11
2.148511043E+11
2.114427222E+11
2.087251405E+11
2.069066538E+11
2.061034987E+11
2.063406879E+11
2.074788993E+11
2.091759999E+11
2.108308024E+11
2.118058849E+11
2.116864895E+11
2.104433676E+11
2.083905764E+11
2.060464097E+11
2.040264309E+11
2.027039506E+11
2.020988696E+11
2.019572438E+11
2.017310772E+11
2.008652480E+11
1.989933035E+11
1.960422887E+11
1.922624384E+11
1.881353139E+11
1.841288448E+11
1.806008893E+11
1.777790081E+11
1.756761960E+11
1.743383982E+11
1.738496094E+11
1.744073714E+11
1.761483832E+11
1.789094802E+11
1.824135946E+11
1.862104755E+11
1.897834970E+11
1.928005357E+11
1.951230539E+11
1.967979805E+11
1.979061224E+11
1.986636064E+11
1.991791907E+11
1.993850660E+11
1.990961769E+11
1.981276622E+11
1.963127394E+11
1.936279555E+11
1.902333167E+11
1.864720481E+11
1.828403516E+11
1.796964418E+11
1.772676244E+11
1.757200107E+11
1.749526598E+11
1.747340021E+11
1.748344893E+11
1.750664784E+11
1.751548274E+11
1.749134933E+11
1.740201587E+11
1.722841740E+11
1.695231235E+11
1.658788990E+11
1.617193355E+11
1.575948018E+11
1.541028875E+11
1.515747145E+11
1.501995517E+11
1.498550838E+11
1.501863945E+11
1.509533379E+11
1.519256444E+11
1.528732870E+11
1.537325227E+11
1.546218114E+11
1.554349819E+11
1.561952582E+11
1.569087848E+11
1.575755983E+11
1.581178152E+11
1.585593900E+11
1.590606015E+11
1.596540562E+11
1.603769451E+11
1.611644694E+11
1.619249472E+11
1.624228141E+11
1.624546775E+11
1.619080919E+11
1.606919838E+11
1.587839875E+11
1.561507702E+11
1.527137178E+11
1.485472366E+11
1.438868840E+11
1.392004071E+11
1.350360089E+11
1.319099535E+11
1.300452178E+11
1.293795063E+11
1.295040952E+11
1.298709020E+11
1.299616840E+11
1.295058023E+11
1.284806161E+11
1.269881534E+11
1.253309602E+11
1.237832854E+11
1.225539321E+11
1.218965941E+11
1.220061564E+11
1.229420287E+11
1.246784749E+11
1.270707467E+11
1.297697961E+11
1.322255660E+11
1.338489191E+11
1.340724056E+11
1.324196337E+11
1.288169696E+11
1.235799090E+11
1.173314652E+11
1.109971547E+11
1.054928425E+11
1.014733422E+11
9.915471645E+10
9.831017135E+10
9.834234915E+10
9.848211230E+10
9.822154065E+10
9.736728365E+10
9.609170570E+10
9.493147515E+10
9.445045060E+10
9.494604925E+10
9.645847330E+10
9.873066855E+10
1.013721587E+11
1.038834881E+11
1.058722113E+11
1.070719294E+11
1.074381417E+11
1.070403275E+11
1.062522440E+11
1.055511312E+11
1.055218024E+11
1.064682234E+11
1.085432870E+11
1.114698290E+11
1.147478210E+11
1.177391037E+11
1.199936110E+11
1.212933080E+11
1.216960573E+11
1.215406744E+11
1.212479105E+11
1.210668031E+11
1.211059873E+11
1.212958839E+11
1.214060725E+11
1.211937060E+11
1.206141524E+11
1.196363020E+11
1.183543010E+11
1.169066464E+11
1.154597574E+11
1.140222385E+11
1.127186924E+11
1.115062604E+11
1.103832160E+11
1.093072003E+11
1.083221031E+11
1.074300517E+11
1.068546730E+11
1.067801637E+11
1.073831268E+11
1.087967104E+11
1.108883599E+11
1.133477949E+11
1.157314856E+11
1.174636046E+11
1.181349128E+11
1.175135588E+11
1.156703700E+11
1.129441498E+11
1.100205637E+11
1.078162257E+11
1.073872522E+11
1.096028912E+11
1.150713221E+11
1.237457165E+11
1.346034873E+11
1.457991324E+11
1.551101506E+11
1.602689389E+11
1.597850725E+11
1.534599647E+11
1.424248989E+11
1.288816283E+11
1.152668008E+11
1.037100630E+11
9.539185420E+10
9.049348815E+10
8.843008295E+10
8.834540920E+10
8.948180395E+10
9.135535450E+10
9.385416080E+10
9.697770875E+10
1.006631804E+11
1.045755653E+11
1.081504657E+11
1.106785294E+11
1.114967144E+11
1.103653881E+11
1.075002664E+11
1.035112731E+11
9.923464695E+10
9.541723510E+10
9.245071415E+10
9.039523405E+10
8.907454385E+10
8.824898105E+10
8.772288855E+10
8.731950390E+10
8.696084275E+10
8.654990320E+10
8.595803155E+10
8.516751365E+10
8.413046875E+10
8.287330315E+10