#this file has been interpolated to have an equally spaced grid
#first line contains number of data (alt, Tgas, ...) and of non-zero chemical species (H,CO2,...)
#alt in km, Tgas in K, chemical species in ppbv
5 55
index	alt	dummy	Tgas	dummy	H2CO	O(3P)	H2O	OH	HO2	H2O2	O3	H	H2	CH4	CO	CH3OOH	CH3O2	N2O	NO	NO2	HNO2	HNO3	HO2NO2	NO3	N2O5	CL2O2	CH3CL	HOCL	CL	CLO	HCL	CLONO2	H2S	HS	SO	SO2	H2SO4	HSO	CH2_1	CH2_3	O(1D)	CH3	H3CO	HCO	N	NOCL	CLONO	CLO2	CL2	S	SO21	SO23	HSO3	SO3	S2	O2	CO2	N2	O
1	1.01406	902.20151	283.03792	0.03833	0.17096	0.0	9365918.94014	6e-05	0.0114	1.08975	21.07978	0.0	553.49368	1610.0	85.95309	0.50061	0.00576	302.0	0.00475	0.01184	3e-05	0.07968	0.00038	1e-05	0.0	0.0	0.49756	0.00014	0.0	1e-05	0.00753	0.00028	0.00242	0.0	0.0	0.04464	0.00314	4e-05	0.04278	0.0	0.0	0.0	0.0	0.0	0.0	0.0	0.0	0.0	0.0	0.0	0.0	0.0	0.0	0.0	0.0	210000000.0	355000.0	780000000.0	0.0
2	2.02813	797.63786	277.58189	0.03456	0.17207	0.0	6442256.8932	7e-05	0.0116	1.09066	24.92466	0.0	554.0	1605.16379	78.16956	0.46153	0.00552	302.0	0.00609	0.01372	4e-05	0.1179	0.00087	1e-05	0.0	0.0	0.48913	0.00017	0.0	1e-05	0.01043	0.00039	0.00249	0.0	0.0	0.06896	0.00543	5e-05	0.0	0.0	0.0	0.0	0.0	0.0	0.0	0.0	0.0	0.0	0.0	0.0	0.0	0.0	0.0	0.0	0.0	210000000.0	355000.0	780000000.0	0.0
3	3.04219	703.45382	272.16359	0.03114	0.16385	0.0	4178711.47059	9e-05	0.01136	1.01044	29.85277	0.0	554.47274	1600.0	71.46904	0.38267	0.00493	302.0	0.00797	0.01617	6e-05	0.16033	0.00206	1e-05	0.0	0.0	0.48216	0.00019	0.0	2e-05	0.01328	0.0005	0.00263	0.0	0.0	0.09245	0.00789	5e-05	0.0	0.0	0.0	0.0	0.0	0.0	0.0	0.0	0.0	0.0	0.0	0.0	0.0	0.0	0.0	0.0	0.0	210000000.0	355000.0	780000000.0	0.0
4	4.05625	618.18015	265.73162	0.028	0.14766	0.0	2509669.11765	0.0001	0.01059	0.85715	35.54816	0.0	555.0	1600.0	65.72537	0.28337	0.00404	302.0	0.01072	0.01915	8e-05	0.20074	0.00516	1e-05	1e-05	0.0	0.47667	0.00019	0.0	2e-05	0.01568	0.00062	0.00289	0.0	0.0	0.11621	0.01027	6e-05	0.0	0.0	0.0	0.0	0.0	0.0	0.0	0.0	0.0	0.0	0.0	0.0	0.0	0.0	0.0	0.0	0.0	210000000.0	355000.0	780000000.0	0.0
5	5.07031	541.80165	258.77238	0.02516	0.12409	0.0	1385164.52941	0.00011	0.00929	0.66624	41.61264	0.0	555.0	1600.0	60.91732	0.18981	0.00304	302.0	0.01421	0.02158	0.0001	0.23253	0.01315	1e-05	2e-05	0.0	0.47216	0.00017	0.0	3e-05	0.01754	0.00069	0.00333	0.0	0.0	0.14145	0.01224	7e-05	0.0	0.0	0.0	0.0	0.0	0.0	0.0	0.0	0.0	0.0	0.0	0.0	0.0	0.0	0.0	0.0	0.0	210000000.0	355000.0	780000000.0	0.0
6	6.08438	472.95188	251.3578	0.02261	0.09393	0.0	679354.72549	0.00011	0.00756	0.47796	47.54059	0.0	555.45527	1595.44725	57.05207	0.11737	0.0021	301.54473	0.01716	0.02136	0.00011	0.25101	0.02952	1e-05	3e-05	0.0	0.46863	0.00014	0.0	3e-05	0.0189	0.00068	0.00406	0.0	0.0	0.16966	0.01319	9e-05	0.0	0.0	0.0	0.0	0.0	0.0	0.0	0.0	0.0	0.0	0.0	0.0	0.0	0.0	0.0	0.0	0.0	210000000.0	355000.0	780000000.0	0.0
7	7.09844	411.18493	242.54913	0.02037	0.06357	0.0	288837.98058	0.0001	0.00565	0.31958	53.237	0.0	556.0	1590.0	53.99826	0.06828	0.00132	301.0	0.01932	0.01858	0.0001	0.25967	0.05003	0.0	4e-05	0.0	0.46611	0.0001	0.0	3e-05	0.01995	0.0006	0.00505	0.0	0.0	0.19802	0.01303	0.00011	0.0	0.0	0.0	0.0	0.0	0.0	0.0	0.0	0.0	0.0	0.0	0.0	0.0	0.0	0.0	0.0	0.0	210000000.0	355000.0	780000000.0	0.0
8	8.1125	356.00735	233.09559	0.01833	0.041	0.0	104489.70588	9e-05	0.00392	0.20222	58.82941	0.0	556.0	1590.0	51.54559	0.03656	0.00074	301.0	0.02442	0.01702	0.0001	0.26647	0.0621	0.0	4e-05	0.0	0.46413	6e-05	0.0	3e-05	0.02093	0.0005	0.00603	0.0	0.0	0.22124	0.01244	0.00012	0.0	0.0	0.0	0.0	0.0	0.0	0.0	0.0	0.0	0.0	0.0	0.0	0.0	0.0	0.0	0.0	0.0	210000000.0	355000.0	780000000.0	0.0
9	9.12656	305.884	224.576	0.01634	0.02723	0.0	33731.2	9e-05	0.0026	0.12097	65.0816	0.0	556.0	1590.0	49.3584	0.01764	0.00037	301.0	0.03595	0.01833	0.00013	0.27742	0.05995	0.0	4e-05	0.0	0.46257	3e-05	0.0	3e-05	0.02206	0.00043	0.00659	0.0	0.0	0.23414	0.01167	0.00013	0.0	0.0	0.0	0.0	0.0	0.0	0.0	0.0	0.0	0.0	0.0	0.0	0.0	0.0	0.0	0.0	0.0	210000000.0	355000.0	780000000.0	0.0
10	10.14063	260.73085	218.26008	0.01433	0.01857	0.0	14059.62727	9e-05	0.00174	0.06362	74.94173	0.0	556.0	1590.0	46.79506	0.00738	0.0002	301.0	0.05149	0.02118	0.00016	0.30079	0.04945	0.0	3e-05	0.0	0.4607	2e-05	0.0	3e-05	0.02402	0.00039	0.00523	0.0	0.0	0.21569	0.00975	0.0001	0.0	0.0	0.0	0.0	0.0	0.0	0.0	0.0	0.0	0.0	0.0	0.0	0.0	0.0	0.0	0.0	0.0	210000000.0	355000.0	780000000.0	0.0
11	11.15469	222.53259	215.17329	0.01241	0.01333	0.0	8842.44827	9e-05	0.0012	0.02734	94.22194	0.0	556.0	1585.86645	43.28124	0.00266	0.00012	300.58665	0.06939	0.02715	0.00017	0.35059	0.03911	0.0	4e-05	0.0	0.45693	1e-05	0.0	3e-05	0.02775	0.00041	0.00248	0.0	0.0	0.16485	0.00655	5e-05	0.0	0.0	0.0	0.0	0.0	0.0	0.0	0.0	0.0	0.0	0.0	0.0	0.0	0.0	0.0	0.0	0.0	210000000.0	355000.0	780000000.0	0.0
12	12.16875	190.56875	213.63125	0.0107	0.01048	0.0	6375.6875	9e-05	0.00084	0.00927	132.75625	0.0	556.0	1576.3125	38.52438	0.0009	8e-05	299.2625	0.09362	0.0412	0.00018	0.45521	0.03426	0.0	6e-05	0.0	0.45031	1e-05	0.0	3e-05	0.03416	0.00061	0.00094	0.0	0.0	0.11301	0.00367	2e-05	0.0	0.0	0.0	0.0	0.0	0.0	0.0	0.0	0.0	0.0	0.0	0.0	0.0	0.0	0.0	0.0	0.0	210000000.0	355000.0	780000000.0	0.0
13	13.18281	161.04694	212.61719	0.00912	0.0091	1e-05	6191.4843	9e-05	0.00065	0.00293	209.81224	0.0	555.61719	1566.1719	32.35002	0.00036	6e-05	296.85157	0.1287	0.07286	0.0002	0.67752	0.03684	0.0	0.00016	0.0	0.43826	1e-05	0.0	5e-05	0.04514	0.00128	0.00025	0.0	0.0	0.06611	0.00178	1e-05	0.0	0.0	0.0	0.0	0.0	0.0	0.0	0.0	0.0	0.0	0.0	0.0	0.0	0.0	0.0	0.0	0.0	210000000.0	355000.0	780000000.0	0.0
14	14.19688	136.26864	212.0	0.00773	0.00845	2e-05	6229.844	0.0001	0.00056	0.00139	335.91328	0.0	554.20624	1548.0936	26.0981	0.0002	5e-05	293.0156	0.17503	0.13156	0.00023	1.05076	0.04622	1e-05	0.00044	0.0	0.42146	1e-05	0.0	9e-05	0.06043	0.0029	5e-05	0.0	0.0	0.03429	0.0008	0.0	0.0	0.0	0.0	0.0	0.0	0.0	0.0	0.0	0.0	0.0	0.0	0.0	0.0	0.0	0.0	0.0	0.0	210000000.0	355000.0	780000000.0	0.0
15	15.21094	115.60308	212.0	0.00654	0.00821	3e-05	6288.7658	0.00012	0.00056	0.00105	517.11928	0.0	552.17812	1517.6718	20.70968	0.00014	4e-05	286.71248	0.23371	0.22608	0.00026	1.58889	0.06185	2e-05	0.00116	0.0	0.40014	1e-05	0.0	0.00015	0.07861	0.00613	1e-05	0.0	0.0	0.01664	0.00034	0.0	0.0	0.0	0.0	0.0	0.0	0.0	0.0	0.0	0.0	0.0	0.0	0.0	0.0	0.0	0.0	0.0	0.0	210000000.0	355000.0	780000000.0	0.0
16	16.225	98.66364	212.0	0.00557	0.00833	7e-05	6360.90909	0.00014	0.00063	0.00105	745.93182	0.0	549.45455	1484.54545	16.68636	0.00013	4e-05	278.52273	0.29982	0.35489	0.00029	2.24977	0.08295	3e-05	0.00257	0.0	0.37595	2e-05	0.0	0.00025	0.09722	0.01146	0.0	0.0	0.0	0.00803	0.00015	0.0	0.0	0.0	0.0	0.0	0.0	0.0	0.0	0.0	0.0	0.0	0.0	0.0	0.0	0.0	0.0	0.0	0.0	210000000.0	355000.0	780000000.0	0.0
17	17.23906	84.0566	212.33906	0.00476	0.00877	0.00013	6443.906	0.00016	0.00076	0.00125	1022.55074	0.0	545.3047	1446.4376	13.82016	0.00013	4e-05	269.6094	0.37045	0.51408	0.00033	3.00159	0.10925	5e-05	0.0049	0.0	0.35085	4e-05	0.0	0.00039	0.11442	0.01936	0.0	0.0	0.0	0.00388	7e-05	0.0	0.0	0.0	0.0	0.0	0.0	0.0	0.0	0.0	0.0	0.0	0.0	0.0	0.0	0.0	0.0	0.0	0.0	210000000.0	355000.0	780000000.0	0.0
18	18.25313	71.17432	213.0	0.00402	0.00961	0.00024	6545.313	0.00021	0.00099	0.00173	1374.1894	0.0	540.23435	1402.3435	11.77031	0.00014	4e-05	258.76244	0.4506	0.71563	0.00037	3.89135	0.14271	8e-05	0.00857	0.0	0.32311	7e-05	0.0	0.00063	0.12994	0.03121	0.0	0.0	0.0	0.00181	3e-05	0.0	0.0	0.0	0.0	0.0	0.0	0.0	0.0	0.0	0.0	0.0	0.0	0.0	0.0	0.0	0.0	0.0	0.0	210000000.0	355000.0	780000000.0	0.0
19	19.26719	60.27498	213.36719	0.0034	0.01081	0.00044	6650.3909	0.00027	0.00135	0.0026	1781.5636	0.0	534.42967	1347.9686	10.46586	0.00018	5e-05	246.59372	0.53421	0.94192	0.00042	4.82149	0.18069	0.00011	0.01338	0.0	0.29509	0.00012	0.0	0.001	0.1423	0.04652	0.0	0.0	0.0	0.00085	1e-05	0.0	0.0	0.0	0.0	0.0	0.0	0.0	0.0	0.0	0.0	0.0	0.0	0.0	0.0	0.0	0.0	0.0	0.0	210000000.0	355000.0	780000000.0	0.0
20	20.28125	51.35795	214.34659	0.00289	0.01239	0.00077	6758.125	0.00036	0.00188	0.0041	2229.82955	0.0	527.57386	1292.67045	9.72017	0.00023	6e-05	234.14773	0.61954	1.18011	0.00048	5.72193	0.22056	0.00016	0.01888	0.0	0.26899	0.00022	0.0	0.00153	0.14973	0.06433	0.0	0.0	0.0	0.00042	1e-05	0.0	0.0	0.0	0.0	0.0	0.0	0.0	0.0	0.0	0.0	0.0	0.0	0.0	0.0	0.0	0.0	0.0	0.0	210000000.0	355000.0	780000000.0	0.0
21	21.29531	43.96236	215.29531	0.00246	0.01444	0.00131	6865.4372	0.00048	0.00265	0.00659	2709.4674	0.0	520.34221	1245.2345	9.33798	0.00031	7e-05	221.16097	0.70824	1.43859	0.00055	6.55511	0.26129	0.00021	0.02472	0.0	0.24462	0.00038	0.0	0.00227	0.15359	0.08393	0.0	0.0	0.0	0.00021	0.0	0.0	0.0	0.0	0.0	0.0	0.0	0.0	0.0	0.0	0.0	0.0	0.0	0.0	0.0	0.0	0.0	0.0	0.0	210000000.0	355000.0	780000000.0	0.0
22	22.30938	37.3056	216.30938	0.00207	0.01716	0.00229	6987.1256	0.00067	0.00389	0.01116	3278.7218	0.0	511.21558	1191.4372	9.18381	0.00043	9e-05	207.66868	0.8142	1.75519	0.00063	7.36585	0.30692	0.00028	0.03143	0.0	0.21988	0.00069	0.0	0.00339	0.15438	0.10646	0.0	0.0	0.0	0.00011	0.0	0.0	0.0	0.0	0.0	0.0	0.0	0.0	0.0	0.0	0.0	0.0	0.0	0.0	0.0	0.0	0.0	0.0	0.0	210000000.0	355000.0	780000000.0	0.0
23	23.32344	31.6828	217.32344	0.00175	0.02059	0.00395	7105.5784	0.00096	0.00574	0.01883	3913.4704	0.0	502.08904	1133.828	9.20234	0.0006	0.00011	193.47184	0.9419	2.12584	0.00075	8.0576	0.35223	0.00037	0.0385	0.0	0.19721	0.00123	0.0	0.00492	0.15171	0.12944	0.0	0.0	0.0	5e-05	0.0	0.0	0.0	0.0	0.0	0.0	0.0	0.0	0.0	0.0	1e-05	0.0	0.0	0.0	0.0	0.0	0.0	0.0	0.0	210000000.0	355000.0	780000000.0	0.0
24	24.3375	26.91625	218.675	0.00148	0.02492	0.00677	7220.5	0.00138	0.00843	0.03113	4596.25	0.0	492.2875	1079.75	9.32737	0.00081	0.00015	179.275	1.10412	2.58887	0.0009	8.57825	0.3955	0.00049	0.04573	0.0	0.17591	0.0021	0.0	0.00694	0.14765	0.15242	0.0	0.0	0.0	3e-05	0.0	0.0	0.0	0.0	0.0	0.0	0.0	0.0	0.0	0.0	1e-05	0.0	0.0	0.0	0.0	0.0	0.0	0.0	0.0	210000000.0	355000.0	780000000.0	0.0
25	25.35156	23.04944	220.6392	0.00126	0.02992	0.01127	7338.352	0.00198	0.01207	0.04873	5290.112	0.0	481.4844	1024.02	9.51031	0.00105	0.00019	165.206	1.3067	3.15094	0.0011	8.87474	0.43159	0.00062	0.05255	0.0	0.15593	0.00339	1e-05	0.00941	0.14372	0.17275	0.0	0.0	0.0	2e-05	0.0	0.0	0.0	0.0	0.0	0.0	0.0	0.0	0.0	0.0	1e-05	0.0	0.0	0.0	0.0	0.0	0.0	0.0	0.0	210000000.0	355000.0	780000000.0	0.0
26	26.36563	19.80311	222.53126	0.00107	0.0355	0.01818	7454.5319	0.00281	0.01679	0.07158	5971.2536	0.0	470.54681	975.39035	9.72109	0.00129	0.00023	151.28118	1.555	3.8125	0.00135	8.93016	0.45598	0.00076	0.05802	0.0	0.13822	0.00514	1e-05	0.01236	0.1402	0.18898	0.0	0.0	0.0	1e-05	1e-05	0.0	0.0	0.0	0.0	0.0	0.0	0.0	0.0	0.0	1e-05	0.0	0.0	0.0	0.0	0.0	0.0	0.0	0.0	210000000.0	355000.0	780000000.0	0.0
27	27.37969	16.90078	224.55938	0.00091	0.0421	0.0301	7583.5628	0.0041	0.02333	0.10237	6690.1892	0.0	457.36403	919.33736	9.94873	0.00154	0.00028	136.80465	1.90467	4.66011	0.0017	8.70253	0.46504	0.00093	0.0613	0.0	0.12052	0.00773	1e-05	0.01626	0.138	0.20224	0.0	0.0	0.0	0.0	1e-05	0.0	0.0	0.0	0.0	0.0	0.0	0.0	0.0	0.0	1e-05	0.0	0.0	0.0	0.0	0.0	0.0	0.0	0.0	210000000.0	355000.0	780000000.0	0.0
28	28.39375	14.45375	226.5875	0.00077	0.04903	0.04907	7708.1875	0.00595	0.0315	0.13757	7356.25	0.0	443.59375	862.84375	10.15875	0.00174	0.00034	121.8875	2.35275	5.62375	0.00217	8.20025	0.45148	0.0011	0.06071	0.0	0.10439	0.0112	2e-05	0.0212	0.13917	0.20888	0.0	0.0	0.0	0.0	1e-05	0.0	0.0	0.0	0.0	0.0	0.0	0.0	0.0	0.0	1e-05	0.0	0.0	0.0	0.0	0.0	0.0	0.0	0.0	210000000.0	355000.0	780000000.0	0.0
29	29.40781	12.39631	228.55965	0.00065	0.0558	0.07777	7833.57927	0.00848	0.04099	0.17251	7914.31709	0.0	428.80259	808.32967	10.35597	0.00189	0.0004	108.08242	2.89349	6.60983	0.00273	7.47935	0.41729	0.00125	0.05595	0.0	0.08938	0.01558	3e-05	0.02743	0.14368	0.20932	0.0	0.0	0.0	0.0	1e-05	0.0	0.0	0.0	0.0	0.0	0.0	0.0	0.0	0.0	2e-05	0.0	0.0	0.0	0.0	0.0	0.0	0.0	0.0	210000000.0	355000.0	780000000.0	0.0
30	30.42188	10.75609	230.44376	0.00056	0.06205	0.11909	7948.8444	0.01178	0.05136	0.20299	8339.8768	0.0	414.22804	755.7966	10.54438	0.00198	0.00047	95.07118	3.49753	7.52747	0.00335	6.64256	0.36824	0.00136	0.04814	0.0	0.07653	0.02084	4e-05	0.0351	0.15022	0.20189	0.0	0.0	0.0	0.0	2e-05	0.0	0.0	0.0	0.0	0.0	0.0	0.0	0.0	0.0	2e-05	0.0	0.0	0.0	0.0	0.0	0.0	0.0	0.0	210000000.0	355000.0	780000000.0	0.0
31	31.43594	9.2362	232.47188	0.00048	0.06805	0.186	8080.6722	0.01657	0.06372	0.22801	8676.6256	0.0	396.98902	700.25924	10.72359	0.00203	0.00054	81.89794	4.23639	8.3828	0.00406	5.64406	0.30443	0.00144	0.0377	0.0	0.06416	0.02767	6e-05	0.04577	0.16107	0.18581	0.0	0.0	0.0	0.0	2e-05	0.0	0.0	0.0	0.0	0.0	0.0	0.0	0.0	0.0	2e-05	0.0	0.0	0.0	0.0	0.0	0.0	0.0	0.0	210000000.0	355000.0	780000000.0	0.0
32	32.45	7.9375	234.75	0.00041	0.07315	0.288	8210.0	0.0229	0.07683	0.24275	8887.5	0.0	379.5	646.0	10.825	0.00203	0.00063	69.675	5.0525	9.01	0.00478	4.6425	0.23825	0.00147	0.02725	0.0	0.05318	0.03538	9e-05	0.05928	0.17475	0.162	0.0	0.0	0.0	0.0	2e-05	0.0	0.0	0.0	0.0	0.0	0.0	0.0	0.0	0.0	3e-05	0.0	0.0	0.0	0.0	0.0	0.0	0.0	0.0	210000000.0	355000.0	780000000.0	0.0
33	33.46406	6.83386	237.52812	0.00035	0.07709	0.44413	8331.6872	0.03124	0.09029	0.24694	8977.9218	0.0	360.98286	593.53294	10.92641	0.00199	0.00073	58.53299	5.92501	9.33377	0.00547	3.70819	0.17674	0.00144	0.01825	0.0	0.04366	0.04328	0.00013	0.07563	0.18943	0.13308	0.0	0.0	0.0	0.0	1e-05	0.0	0.0	0.0	0.0	0.0	0.0	0.0	0.0	0.0	3e-05	0.0	0.0	0.0	0.0	0.0	0.0	0.0	0.0	210000000.0	355000.0	780000000.0	0.0
34	34.47813	5.91014	239.50569	0.0003	0.07978	0.67313	8450.34145	0.04186	0.10329	0.24097	8987.35773	0.0	342.44878	543.86342	11.0	0.00192	0.00084	48.90024	6.81009	9.33679	0.0061	2.91048	0.12608	0.00136	0.0115	0.0	0.0356	0.05034	0.00019	0.09365	0.20178	0.10349	0.0	0.0	0.0	0.0	1e-05	0.0	0.0	0.0	0.0	0.0	0.0	0.0	0.0	0.0	3e-05	0.0	0.0	0.0	0.0	0.0	0.0	0.0	0.0	210000000.0	355000.0	780000000.0	0.0
35	35.49219	5.15162	241.38438	0.00026	0.08135	0.99356	8559.219	0.05479	0.1155	0.22854	8926.9372	0.0	325.54058	499.15926	11.0	0.00184	0.00095	40.97779	7.66489	9.04622	0.00664	2.27045	0.08757	0.00125	0.007	0.0	0.02915	0.05561	0.00026	0.11184	0.21154	0.07638	0.0	0.0	0.0	0.0	1e-05	0.0	0.0	0.0	0.0	0.0	0.0	0.0	0.0	0.0	3e-05	0.0	0.0	0.0	0.0	0.0	0.0	0.0	0.0	210000000.0	355000.0	780000000.0	0.0
36	36.50625	4.44419	243.4125	0.00022	0.082	1.5185	8662.6875	0.07326	0.12848	0.20946	8790.8125	0.0	307.2875	453.54375	11.0	0.00173	0.00109	33.70062	8.58563	8.445	0.00717	1.71512	0.05668	0.00111	0.00385	0.0	0.02329	0.05881	0.00037	0.13192	0.21903	0.05157	0.0	0.0	0.0	0.0	1e-05	0.0	0.0	0.0	0.0	0.0	0.0	0.0	0.0	0.0	3e-05	0.0	0.0	0.0	0.0	0.0	0.0	0.0	0.0	210000000.0	355000.0	780000000.0	0.0
37	37.52031	3.84544	245.44062	0.00019	0.08185	2.33014	8769.8279	0.09777	0.14086	0.18715	8578.3132	0.0	289.25473	412.40791	11.0	0.00161	0.00126	27.57642	9.49828	7.58969	0.00767	1.26959	0.03511	0.00094	0.00198	0.0	0.01852	0.05916	0.00051	0.15052	0.22388	0.03251	0.0	0.0	0.0	0.0	1e-05	0.0	0.0	0.0	0.0	0.0	0.0	0.0	0.0	0.0	3e-05	0.0	0.0	0.0	0.0	0.0	0.0	0.0	0.0	210000000.0	355000.0	780000000.0	0.0
38	38.53438	3.34199	247.42615	0.00016	0.08102	3.54435	8859.17655	0.12952	0.15356	0.16553	8276.90164	1e-05	272.80391	374.54245	10.97869	0.0015	0.00145	22.68379	10.37046	6.57136	0.00811	0.92406	0.02099	0.00077	0.00095	0.0	0.0147	0.05662	0.00071	0.16556	0.22828	0.01915	0.0	0.0	0.0	0.0	1e-05	0.0	0.0	0.0	0.0	0.0	0.0	0.0	0.0	0.0	2e-05	0.0	0.0	0.0	0.0	0.0	0.0	0.0	0.0	210000000.0	355000.0	780000000.0	0.0
39	39.54844	2.92359	249.29688	0.00014	0.07973	5.28188	8940.3908	0.16872	0.16493	0.14618	7892.8112	2e-05	258.7734	342.24992	10.91484	0.0014	0.00166	18.78046	11.11875	5.51781	0.00845	0.66575	0.01232	0.00061	0.00043	0.0	0.01172	0.05201	0.00096	0.17574	0.23434	0.01074	0.0	0.0	0.0	0.0	1e-05	0.0	0.0	0.0	0.0	0.0	0.0	0.0	0.0	0.0	2e-05	0.0	0.0	0.0	0.0	0.0	0.0	0.0	0.0	210000000.0	355000.0	780000000.0	0.0
40	40.5625	2.54475	251.325	0.00012	0.07778	8.17513	9011.375	0.22291	0.1786	0.12772	7352.5	5e-05	243.8875	310.2875	11.0	0.00131	0.00194	15.345	11.8975	4.35125	0.0086	0.44754	0.00669	0.00045	0.00017	0.0	0.0092	0.045	0.00135	0.17968	0.24428	0.00527	0.0	0.0	0.0	0.0	1e-05	0.0	0.0	0.0	0.0	0.0	0.0	0.0	1e-05	0.0	1e-05	0.0	0.0	0.0	0.0	0.0	0.0	0.0	0.0	210000000.0	355000.0	780000000.0	0.0
41	41.57656	2.2088	253.52968	0.0001	0.07496	12.5417	9082.3592	0.28601	0.195	0.11423	6733.4704	0.00012	230.88128	281.76256	11.03531	0.00125	0.00225	12.59391	12.45297	3.26403	0.00839	0.28481	0.00351	0.00032	6e-05	0.0	0.00719	0.03687	0.00189	0.17623	0.25971	0.00235	0.0	0.0	0.0	0.0	1e-05	0.0	0.0	0.0	0.0	0.0	0.0	0.0	1e-05	1e-05	1e-05	0.0	0.0	0.0	0.0	0.0	0.0	0.0	0.0	210000000.0	355000.0	780000000.0	0.0
42	42.59063	1.92234	256.38126	9e-05	0.07114	18.92504	9149.5315	0.35534	0.21243	0.10465	6066.0905	0.00026	219.28433	257.80614	11.27625	0.00123	0.00258	10.35687	12.71906	2.35084	0.00777	0.17113	0.00181	0.00022	2e-05	0.0	0.00565	0.02879	0.00261	0.16514	0.28158	0.00096	0.0	0.0	0.0	0.0	1e-05	0.0	0.0	0.0	0.0	0.0	0.0	0.0	1e-05	1e-05	1e-05	0.0	0.0	0.0	0.0	0.0	0.0	0.0	0.0	210000000.0	355000.0	780000000.0	0.0
43	43.60469	1.67906	258.37216	8e-05	0.06651	27.35386	9197.44327	0.42428	0.23054	0.0979	5424.62927	0.00051	210.51135	236.65053	11.67443	0.00122	0.0029	8.6246	12.78139	1.65952	0.00686	0.09914	0.00094	0.00014	1e-05	0.0	0.0045	0.02166	0.00345	0.14928	0.30584	0.00038	0.0	0.0	0.0	0.0	1e-05	0.0	0.0	0.0	1e-05	0.0	0.0	0.0	1e-05	0.0	0.0	0.0	0.0	0.0	0.0	0.0	0.0	0.0	0.0	210000000.0	355000.0	780000000.0	0.0
44	44.61875	1.47744	260.2375	7e-05	0.06154	37.43187	9234.75	0.48536	0.24826	0.09305	4855.875	0.0009	203.2875	220.3375	12.08312	0.00123	0.00318	7.2775	12.66437	1.17511	0.00587	0.05721	0.00051	9e-05	0.0	0.0	0.00368	0.01615	0.00434	0.13063	0.32985	0.00015	0.0	0.0	0.0	0.0	1e-05	0.0	0.0	0.0	1e-05	0.0	0.0	0.0	1e-05	0.0	0.0	0.0	0.0	0.0	0.0	0.0	0.0	0.0	0.0	210000000.0	355000.0	780000000.0	0.0
45	45.63281	1.28875	262.13281	6e-05	0.05587	50.87184	9273.9843	0.54744	0.26739	0.08929	4317.5793	0.00159	197.46876	206.27347	12.80625	0.00124	0.00343	6.09117	12.34688	0.80734	0.00482	0.03149	0.00027	6e-05	0.0	0.0	0.003	0.01164	0.00536	0.11056	0.35392	6e-05	0.0	0.0	0.0	1e-05	1e-05	0.0	0.0	0.0	1e-05	0.0	0.0	0.0	2e-05	0.0	0.0	0.0	0.0	0.0	0.0	0.0	0.0	0.0	0.0	210000000.0	355000.0	780000000.0	0.0
46	46.64688	1.12944	263.0	5e-05	0.05035	67.0879	9302.9376	0.60378	0.28579	0.08626	3849.7792	0.00264	193.55936	193.5312	13.67626	0.00125	0.00364	5.13396	11.92656	0.55471	0.00387	0.0172	0.00014	3e-05	0.0	0.0	0.0025	0.00826	0.00639	0.09219	0.37564	2e-05	0.0	0.0	0.0	1e-05	1e-05	0.0	0.0	0.0	1e-05	0.0	0.0	0.0	2e-05	0.0	0.0	0.0	0.0	0.0	0.0	0.0	0.0	0.0	0.0	210000000.0	355000.0	780000000.0	0.0
47	47.66094	0.99113	262.85369	5e-05	0.04533	85.81638	9322.92618	0.65646	0.30463	0.08405	3448.79182	0.00417	190.70738	183.82953	14.91946	0.00125	0.0038	4.36636	11.41221	0.384	0.00309	0.00954	8e-05	2e-05	0.0	0.0	0.00213	0.00592	0.00737	0.07617	0.39319	1e-05	0.0	0.0	0.0	1e-05	1e-05	0.0	0.0	0.0	1e-05	0.0	0.0	0.0	3e-05	0.0	0.0	0.0	0.0	0.0	0.0	0.0	0.0	0.0	0.0	210000000.0	355000.0	780000000.0	0.0
48	48.675	0.87275	261.925	4e-05	0.04109	105.8	9340.75	0.70375	0.32142	0.08252	3127.5	0.00616	189.0	176.475	16.35	0.00125	0.0039	3.7795	10.8625	0.2727	0.0025	0.00552	5e-05	1e-05	0.0	0.0	0.00185	0.00435	0.00825	0.06342	0.4069	0.0	0.0	0.0	0.0	1e-05	1e-05	0.0	0.0	0.0	1e-05	0.0	0.0	0.0	3e-05	0.0	0.0	0.0	0.0	0.0	0.0	0.0	0.0	0.0	0.0	210000000.0	355000.0	780000000.0	0.0
49	49.68906	0.76236	260.91094	4e-05	0.03699	130.49368	9350.8906	0.75454	0.34078	0.08149	2825.9538	0.00925	189.08906	169.5547	18.42265	0.00124	0.00397	3.2417	10.34567	0.18975	0.00197	0.0031	3e-05	1e-05	0.0	0.0	0.00163	0.00313	0.00914	0.05175	0.41889	0.0	0.0	0.0	0.0	1e-05	1e-05	0.0	0.0	0.0	1e-05	0.0	0.0	0.0	4e-05	0.0	0.0	0.0	0.0	0.0	0.0	0.0	0.0	0.0	0.0	210000000.0	355000.0	780000000.0	0.0
50	50.70313	0.66523	259.79374	3e-05	0.03349	159.19703	9361.0313	0.80667	0.36117	0.08146	2555.2488	0.01359	190.10313	164.58748	21.03002	0.00123	0.00399	2.8139	9.73018	0.13187	0.00156	0.00176	2e-05	1e-05	0.0	0.0	0.00147	0.00229	0.00999	0.04229	0.42883	0.0	0.0	0.0	0.0	1e-05	1e-05	0.0	0.0	0.0	1e-05	0.0	0.0	0.0	5e-05	0.0	0.0	0.0	0.0	0.0	0.0	0.0	0.0	0.0	0.0	210000000.0	355000.0	780000000.0	0.0
51	51.71719	0.58021	257.64843	3e-05	0.0305	190.86727	9370.0	0.86303	0.38293	0.08226	2315.3901	0.01961	191.35157	160.64843	24.35704	0.00121	0.00398	2.46601	9.14437	0.09271	0.00123	0.00102	1e-05	0.0	0.0	0.0	0.00133	0.00169	0.01078	0.03445	0.4367	0.0	0.0	0.0	0.0	1e-05	1e-05	0.0	0.0	0.0	2e-05	0.0	0.0	0.0	6e-05	0.0	0.0	0.0	0.0	0.0	0.0	0.0	0.0	0.0	0.0	210000000.0	355000.0	780000000.0	0.0
52	52.73125	0.50612	254.76136	2e-05	0.02794	224.41477	9370.0	0.92435	0.40858	0.08465	2106.13636	0.0278	194.23864	157.64205	28.37273	0.00119	0.00391	2.18136	8.58557	0.06559	0.00099	0.0006	1e-05	0.0	0.0	0.0	0.00123	0.00127	0.01148	0.02817	0.4426	0.0	0.0	0.0	0.0	1e-05	1e-05	0.0	0.0	0.0	2e-05	0.0	0.0	0.0	8e-05	0.0	0.0	0.0	0.0	0.0	0.0	0.0	0.0	0.0	0.0	210000000.0	355000.0	780000000.0	0.0
53	53.74531	0.44533	252.81876	2e-05	0.02591	258.76709	9370.0	0.98981	0.43663	0.08829	1921.3911	0.03808	196.18124	154.90938	32.8628	0.00116	0.0038	1.96094	8.08599	0.04788	0.00081	0.00038	0.0	0.0	0.0	0.0	0.00117	0.00099	0.01213	0.0233	0.44718	0.0	0.0	0.0	0.0	1e-05	1e-05	0.0	0.0	0.0	2e-05	0.0	0.0	0.0	0.00011	0.0	0.0	0.0	0.0	0.0	0.0	0.0	0.0	0.0	0.0	210000000.0	355000.0	780000000.0	0.0
54	54.75938	0.38597	248.82186	2e-05	0.02399	298.3752	9370.0	1.07594	0.47361	0.09488	1729.3116	0.05364	200.17814	152.94062	38.81566	0.00112	0.00362	1.7605	7.55031	0.03435	0.00066	0.00023	0.0	0.0	0.0	0.0	0.0011	0.00077	0.01274	0.01889	0.45118	0.0	0.0	0.0	0.0	1e-05	0.0	0.0	0.0	0.0	2e-05	0.0	0.0	0.0	0.00015	0.0	0.0	0.0	0.0	0.0	0.0	0.0	0.0	0.0	0.0	210000000.0	355000.0	780000000.0	0.0
55	55.77344	0.3347	245.70624	2e-05	0.02219	338.9376	9370.0	1.17955	0.51919	0.10503	1547.5152	0.07532	203.29376	151.92656	46.00221	0.00107	0.00339	1.59972	7.04548	0.02513	0.00054	0.00015	0.0	0.0	0.0	0.0	0.00105	0.00061	0.01333	0.01529	0.45422	0.0	0.0	0.0	0.0	1e-05	0.0	0.0	0.0	0.0	2e-05	0.0	0.0	0.0	0.00021	0.0	0.0	0.0	0.0	0.0	0.0	0.0	0.0	0.0	0.0	210000000.0	355000.0	780000000.0	0.0
56	56.7875	0.2895	241.65	1e-05	0.02067	379.5875	9370.0	1.314	0.57821	0.11975	1376.0	0.10559	207.35	150.9125	54.44	0.00101	0.0031	1.46038	6.5715	0.01882	0.00045	0.0001	0.0	0.0	0.0	0.0	0.00102	0.00049	0.01373	0.01238	0.45717	0.0	0.0	0.0	0.0	1e-05	0.0	0.0	0.0	0.0	2e-05	0.0	0.0	0.0	0.00031	0.0	0.0	0.0	0.0	0.0	0.0	0.0	0.0	0.0	0.0	210000000.0	355000.0	780000000.0	0.0
57	57.80156	0.24977	237.53836	1e-05	0.01916	420.97007	9370.0	1.47754	0.65131	0.14049	1217.07418	0.14845	211.46164	149.90767	64.2433	0.00095	0.00278	1.35169	6.13307	0.01463	0.00038	7e-05	0.0	0.0	0.0	0.0	0.00098	0.0004	0.01402	0.00991	0.45918	0.0	0.0	0.0	0.0	1e-05	0.0	0.0	0.0	0.0	2e-05	0.0	0.0	0.0	0.00044	0.0	0.0	0.0	0.0	0.0	0.0	0.0	0.0	0.0	0.0	210000000.0	355000.0	780000000.0	0.0
58	58.81563	0.21753	232.92185	1e-05	0.01778	460.71898	9369.8437	1.65391	0.73473	0.16561	1087.99936	0.20333	216.06252	149.0	74.70475	0.00088	0.00246	1.26891	5.76422	0.01197	0.00033	5e-05	0.0	0.0	0.0	0.0	0.00096	0.00034	0.0142	0.00799	0.46103	0.0	0.0	0.0	0.0	1e-05	0.0	0.0	0.0	0.0	2e-05	0.0	0.0	0.0	0.00062	0.0	0.0	0.0	0.0	0.0	0.0	0.0	0.0	0.0	0.0	210000000.0	355000.0	780000000.0	0.0
59	59.82969	0.1872	227.85155	1e-05	0.01636	507.66264	9360.0	1.90891	0.84801	0.20554	959.00131	0.29083	220.11876	148.97031	88.05723	0.0008	0.00212	1.19822	5.3908	0.01006	0.00029	4e-05	0.0	0.0	0.0	0.0	0.00094	0.00028	0.0143	0.00628	0.46306	0.0	0.0	0.0	0.0	1e-05	0.0	0.0	0.0	0.0	2e-05	0.0	0.0	0.0	0.00091	0.0	0.0	0.0	0.0	0.0	0.0	0.0	0.0	0.0	0.0	210000000.0	355000.0	780000000.0	0.0
60	60.84375	0.15995	222.78125	1e-05	0.01495	565.2375	9359.5625	2.21663	0.98604	0.25919	857.85	0.42484	224.175	148.0	103.74375	0.00072	0.0018	1.13825	5.07819	0.00878	0.00026	3e-05	0.0	0.0	0.0	0.0	0.00093	0.00023	0.01419	0.00488	0.46504	0.0	0.0	0.0	0.0	1e-05	0.0	0.0	0.0	0.0	2e-05	0.0	0.0	0.0	0.00131	0.0	0.0	0.0	0.0	0.0	0.0	0.0	0.0	0.0	0.0	210000000.0	355000.0	780000000.0	0.0
61	61.85781	0.13595	217.63212	1e-05	0.01389	641.67589	9350.0	2.60523	1.15051	0.33426	787.42336	0.63529	228.21022	148.0	121.05109	0.00065	0.00151	1.09842	4.80949	0.00791	0.00024	3e-05	0.0	0.0	0.0	0.0	0.00092	0.00019	0.01388	0.00375	0.46605	0.0	0.0	0.0	0.0	1e-05	0.0	0.0	0.0	0.0	2e-05	0.0	1e-05	0.0	0.00187	0.0	0.0	0.0	0.0	0.0	0.0	0.0	0.0	0.0	0.0	210000000.0	355000.0	780000000.0	0.0
62	62.87188	0.11751	211.17895	1e-05	0.01371	741.23913	9350.0	3.04773	1.33489	0.42644	759.76691	0.93859	231.89775	148.0	139.48873	0.0006	0.00126	1.07077	4.62511	0.00729	0.00022	2e-05	0.0	0.0	0.0	0.0	0.00091	0.00015	0.01351	0.00294	0.46697	0.0	0.0	0.0	0.0	1e-05	0.0	0.0	0.0	0.0	2e-05	0.0	1e-05	0.0	0.00256	0.0	0.0	0.0	0.0	0.0	0.0	0.0	0.0	0.0	0.0	210000000.0	355000.0	780000000.0	0.0
63	63.88594	0.09886	204.09842	1e-05	0.01528	930.34266	9350.0	3.70086	1.59634	0.55816	792.52196	1.5711	234.95782	147.01406	160.70474	0.00056	0.00105	1.05028	4.48197	0.0066	0.00022	2e-05	0.0	0.0	0.0	0.0	0.00091	0.00012	0.01301	0.00225	0.46897	0.0	0.0	0.0	0.0	1e-05	0.0	0.0	0.0	0.0	3e-05	0.0	1e-05	0.0	0.00347	0.0	0.0	0.0	0.0	0.0	0.0	0.0	0.0	0.0	0.0	210000000.0	355000.0	780000000.0	0.0
64	64.9	0.0825	194.0	1e-05	0.0198	1430.0	9340.0	4.69	1.92	0.699	1060.0	3.2	237.0	147.0	186.0	0.00056	0.00094	1.04	4.41	0.00525	0.00024	2e-05	0.0	0.0	0.0	0.0	0.0009	8e-05	0.0124	0.00173	0.47	0.0	0.0	0.0	0.0	1e-05	0.0	0.0	0.0	0.0	4e-05	0.0	1e-05	0.0	0.00455	0.0	0.0	0.0	0.0	0.0	0.0	0.0	0.0	0.0	0.0	210000000.0	355000.0	780000000.0	0.0
